============Start Ensemble Strategy============
============================================
turbulence_threshold: 171.0940715631054
======Model training from: 20090000 to 20151002
======SAC Training========
======SAC Validation from: 20151002 to 20160104
SAC Sharpe Ratio: 0.03783322588177749
======TD3 Training========
======TD3 Validation from: 20151002 to 20160104
TD3 Sharpe Ratio: 0.04275331658365186
======TRPO Training========
======TRPO Validation from: 20151002 to 20160104
TRPO Sharpe Ratio: -0.05470334395741441
======Trading from: 20160104 to 20160405
previous_total_asset: 1000000
end_total_asset: 1106701.2951000005
total_reward: 106701.29510000045
total_cost: 1534.9309
total trades: 908
Sharpe: 0.3251226945995302
============Trading Done============
[6.295100000550377, 111.12, 60.62, 126.34, 75.72, 28.14, 93.43, 153.22532253225324, 98.68, 157.77, 134.85, 152.07, 32.0, 108.59, 59.2, 46.89, 127.57, 166.4, 54.4, 55.43, 59.97, 30.72, 83.21, 100.27, 117.56, 129.49, 77.83, 54.42, 86.31, 69.1, 83.16, 700.0, 0, 0, 1300.0, 1600.0, 0, 0, 0, 0, 1600.0, 1018.0, 815.0, 800.0, 0, 0.0, 0.0, 0.0, 0.0, 600.0, 0, 0, 994.0, 0.0, 0, 700.0, 800.0, 0.0, 0, 0, 1600.0, 61.299749688493264, 51.50697868060615, 49.08364970952668, 58.96877337407405, 57.648527817001415, 54.17073798986049, 55.685965092152806, 49.96808180873786, 50.0566339287949, 61.6703246952297, 64.5268087217816, 53.12774187025168, 58.818559236288586, 49.14273926071152, 66.62967974605314, 64.49693694578247, 62.010215426040304, 58.53993841713336, 56.602543906952505, 47.536319572526345, 52.17319806563631, 56.215018204075406, 61.809297155337234, 62.456680242018805, 61.974289965033954, 58.1616747336304, 66.94544058311827, 59.28377055984368, 59.31336184883367, 53.81190955098674, 0.3993749103021214, 0.3136146102680263, 0.3574216819450193, 0.4741845741742122, 0.3296357985284701, 0.357621873790288, 0.2736034613663075, 0.0951548573622172, 0.1283813328044874, 0.2943386286938267, 0.5033928109115358, 0.3111932881157066, 0.1427352132319885, 0.0984562101719004, 0.2448578822104119, 0.2409044937300542, 0.2412233997917701, 0.16744859179496, 0.2333563231647376, 0.1214285762913702, 0.029176207764999, 0.0605059466234589, 0.2940741276315562, 0.2948885145585242, 0.3532155316407682, 0.2179330575684583, 0.2272915960223757, 0.2591742650265319, 0.1248022887926691, 0.1327535053868243, 107.27950816684532, 60.374238879095806, 128.55966424306163, 75.21100103163745, 28.097311538767404, 94.32461304439224, 152.90591715126453, 98.38689443166056, 155.6639903524531, 131.9281530767988, 148.17860142809062, 32.05262505212722, 108.18949767117996, 59.44594982661032, 46.025086073774006, 124.53809333006782, 165.0557194700652, 53.11923243489108, 54.452029339707885, 61.58033457293264, 30.02153919783297, 82.76257835893797, 99.12956237653444, 115.9258504113306, 128.0007507924627, 75.2075582947756, 53.5897855256088, 83.7005410279667, 68.2299856731256, 83.53918326343783, 2.172188748586167, 1.5973511025301723, 1.840677649801714, 3.12110955058992, 2.277869622344904, 2.3138352682259087, 1.861634321196828, 0.507666180204336, 0.3733714816438384, 1.6984082156800997, 3.059912236881944, 1.665120217792577, 1.0319725697647024, 0.528769899528999, 1.508762750409964, 1.3225144372541846, 1.6730770599937133, 1.0039176315432683, 1.2179147722670398, 0.738022630596286, -0.017837904797288, 0.5147056621531221, 1.9654377261433635, 1.7568929413119168, 2.218673653498867, 0.9662267520472142, 1.639713589790585, 1.4116852726729665, 0.9130246019022822, 1.013348615118916]
============================================
turbulence_threshold: 96.08032158358267
======Model training from: 20090000 to 20160104
======SAC Training========
======SAC Validation from: 20160104 to 20160405
SAC Sharpe Ratio: 0.15371342053577414
======TD3 Training========
======TD3 Validation from: 20160104 to 20160405
TD3 Sharpe Ratio: -0.0006638680388507067
======TRPO Training========
======TRPO Validation from: 20160104 to 20160405
TRPO Sharpe Ratio: 0.1678894958228106
======Trading from: 20160405 to 20160705
previous_total_asset: 1106701.2951000005
end_total_asset: 1094616.3049590422
total_reward: -12084.990140958223
total_cost: 7608.874985207567
total trades: 1702
Sharpe: -0.03722779537318927
============Trading Done============
[4282.007596273513, 95.89, 60.69, 129.69, 76.45, 28.8, 104.15, 148.63486348634865, 98.03, 148.25, 129.62, 152.35, 32.75, 121.29, 61.26, 45.12, 120.4, 175.54, 57.94, 51.16, 55.61, 35.57, 84.78, 102.73, 118.85, 140.86, 74.48, 56.23, 83.06, 72.81, 93.84, 1678.3718872070312, 0.0, 0.0, 671.4469286203384, 2100.3604974746704, 751.5165133476257, 574.0250549316406, 206.28254175186157, 6.666591644287109, 1197.1470611095428, 837.0579353570938, 747.7869509458542, 473.2037687301636, 187.47583031654358, 525.9199371337891, 54.91521739959717, 0.0, 0.0, 20.55851173400879, 14.786593437194824, 193.9143099784851, 36.43524169921875, 698.9440160989761, 124.1958771944046, 137.16439175605774, 245.2740876674652, 354.3598608970642, 60.96614074707031, 0.0, 696.4910697937012, 46.52226275744833, 45.48743807094221, 50.04481815552771, 53.84244335965731, 54.18249139382215, 56.580066185709285, 43.76814787951428, 47.58635063346224, 45.86571179595794, 49.34926614831074, 53.70399255003925, 56.50323971793694, 68.44330148654937, 47.91758257627863, 51.2719172448176, 45.18261760938741, 59.74473910919312, 57.324851592095314, 49.24134028487522, 48.26668719479553, 61.29670248781197, 57.5840900221134, 54.7266568739117, 60.03089921029813, 61.5052862345519, 44.76761252147038, 67.88172404644777, 54.05125881162559, 59.77905804848515, 62.22087670876856, -0.1447818202351757, -0.3308505382793827, -0.0778993514171789, 0.0535105438971925, -0.0108461758941654, 0.0668359049482875, -0.138481517707214, -0.1195731858833725, -0.3346155669062005, -0.16150596249045, -0.0389807030789895, 0.107608003838228, 0.154543399003822, -0.2177114273889496, -0.0415985242372815, -0.1652724278236813, 0.0739872426487261, 0.0503407641709081, -0.1114124377332052, -0.1581550809935353, 0.0456347701055991, 0.0828651788530419, -0.0237581793707286, 0.0464024452274777, 0.1529953487019479, -0.2009277358728572, 0.3390234099236305, 0.1813200018897231, 0.1520407264310661, 0.0991543644614088, 95.35462782130465, 61.00269756207822, 128.76621897594538, 74.97771845039392, 28.480548846061147, 102.75715505133314, 152.927622815565, 97.5785469990631, 147.14875440605334, 127.85207182166197, 150.38237695566542, 32.023882999211246, 118.0470574406754, 61.60695916531082, 44.78951311514793, 120.48509780687787, 171.4062736680627, 56.7491730069462, 50.57963071300355, 54.342708910218384, 34.755150668146534, 83.3704645135338, 100.94274123748872, 114.7154134722914, 138.95576199907936, 76.16866539752631, 54.484931642372494, 82.23872523266333, 71.88056844968189, 91.535566489751, -0.8567839253835581, -1.5836930513897476, -0.386302957017424, 0.3686363067426511, 0.276067556040201, 0.4829057266402267, -0.4843710488410737, -0.7656658953193632, -2.0023350402902453, -1.0503824254211938, 0.0297825886878369, 0.7252890691617955, 0.9684382795610068, -0.8917730357401389, -0.2086667673048124, -1.0479158800671535, 0.4334361348301011, 0.4487213633502852, -0.70021189023764, -1.317122499579943, 0.6104288258387288, 0.4947572178109267, -0.1346584735997572, 0.2421839431655694, 1.101664220408842, -0.8658979419099327, 1.7595400952636693, 0.9821911858770578, 1.010482367592036, 0.7105511162773916]
============================================
turbulence_threshold: 171.0940715631054
======Model training from: 20090000 to 20160405
======SAC Training========
======SAC Validation from: 20160405 to 20160705
SAC Sharpe Ratio: 0.005427838020746836
======TD3 Training========
======TD3 Validation from: 20160405 to 20160705
TD3 Sharpe Ratio: -0.028138434628050452
======TRPO Training========
======TRPO Validation from: 20160405 to 20160705
TRPO Sharpe Ratio: -0.011457379281393202
======Trading from: 20160705 to 20161003
previous_total_asset: 1094616.3049590422
end_total_asset: 1090578.6927666585
total_reward: -4037.6121923837345
total_cost: 961.3781872981895
total trades: 1127
Sharpe: -0.012847212750859533
============Trading Done============
[13.239210697013842, 113.05, 64.04, 131.74, 88.77, 31.72, 102.92, 155.50555055505552, 92.86, 161.27, 128.68, 158.85, 37.75, 118.13, 66.59, 42.32, 115.36, 176.23, 62.41, 57.6, 52.65, 33.87, 89.75, 101.6, 114.55, 140.0, 82.7, 51.98, 80.62, 72.12, 87.28, 0.0, 0.0, 0.0, 671.4469286203384, 0.0, 874.5165133476257, 853.0250549316406, 1016.2825417518616, 6.666591644287109, 2571.147061109543, 0.0, 0.0, 993.2037687301636, 0.0, 2505.919937133789, 154.91521739959717, 100.0, 77.0, 20.55851173400879, 0.0, 197.9143099784851, 0.0, 698.9440160989761, 124.1958771944046, 0.0, 245.2740876674652, 0.0, 60.96614074707031, 0.0, 0.0, 59.039367969057, 49.21315528588611, 50.95006725843449, 64.04382809121319, 57.48390301006157, 53.197999318599855, 45.89040550184865, 43.08316917608759, 47.80432348245729, 45.34002307458498, 52.55698136580763, 61.96902331467162, 46.820341871037925, 53.68346243987086, 43.62615079633544, 44.572599775492, 48.68785091989445, 53.56135898249274, 55.01437738665791, 40.04281196927989, 45.30228165788522, 57.94398934762466, 43.959444126183016, 46.61916096237844, 52.55782336785238, 55.63567394181595, 46.14460279440248, 48.27530391772642, 50.13588635354532, 50.15384942748437, 0.2619123444268639, -0.0888728263645049, -0.0427087527522984, 0.0973306810701162, 0.0312054339199044, -0.079295907216576, -0.1008983611586155, -0.135445863486471, -0.0775626626869952, -0.2315427193226131, -0.0959161940773165, 0.2251556166887406, -0.0658562588701965, 0.0130628961249019, -0.1294215839022022, -0.0158610264763199, -0.0564574025465158, 0.0010226244827452, 0.0068097134165103, -0.254930666234923, -0.1430356487469076, 0.0625419422063981, -0.2141670453434807, -0.10526784372634, 0.0438436436157182, 0.0860413180986073, -0.0747137961650613, -0.0517184033918057, -0.0280325970551398, -0.1771195836646575, 112.39181320220672, 64.12082493123351, 130.7832087147539, 84.38961207350303, 31.3813438448746, 100.48389097477023, 157.29334057011084, 92.65281888441838, 164.08508473902478, 128.09736762978218, 156.87413887096037, 37.07715472744694, 118.52048215471775, 66.48897478724953, 42.45280092929151, 115.92345252488684, 177.06393400458987, 62.47970485207109, 57.45476770592055, 54.441099366299, 33.96039584692208, 88.44058874246612, 102.29485316965749, 115.03032800027498, 138.96937944125236, 82.36599431603837, 52.13547286619822, 80.97589684599536, 71.90088885775843, 85.26898044685262, 1.6670174872974888, -0.3551383485279242, -0.3448842394894378, 0.5454423689262016, 0.3721025123391747, -0.5455519657711774, -0.4168216272795236, -0.9318800271046012, -0.0087954225823518, -1.411545586816891, -0.5600934591335489, 1.4489593098516442, -0.5096891352531691, 0.3213977999497948, -0.86381414606835, -0.3252455294883418, -0.2617309444053302, 0.2699977890095116, 0.2156439244555948, -1.2443842717886326, -0.9378192419123096, 0.4616458104358559, -1.1964087075894436, -0.5644127458635687, -0.0331176544164836, 0.6849150101591139, -0.6134840368960561, -0.2063454042234746, -0.2281628243843139, -1.191869071606471]
============================================
turbulence_threshold: 171.0940715631054
======Model training from: 20090000 to 20160705
======SAC Training========
======SAC Validation from: 20160705 to 20161003
SAC Sharpe Ratio: 0.003261172758308234
======TD3 Training========
======TD3 Validation from: 20160705 to 20161003
TD3 Sharpe Ratio: 0.0018139478594774115
======TRPO Training========
======TRPO Validation from: 20160705 to 20161003
TRPO Sharpe Ratio: -0.04917270166183643
======Trading from: 20161003 to 20170103
previous_total_asset: 1090578.6927666585
end_total_asset: 1192936.3049908634
total_reward: 102357.61222420493
total_cost: 1651.285804898798
total trades: 843
Sharpe: 0.527282248921269
============Trading Done============
[0.2564139441219595, 115.82, 74.08, 155.68, 92.74, 30.22, 117.7, 171.6771677167717, 104.22, 239.45, 134.08, 165.99, 36.27, 115.21, 86.29, 41.46, 121.72, 178.57, 58.87, 62.14, 50.83, 32.48, 84.08, 109.62, 122.42, 160.04, 78.02, 53.38, 82.76, 69.12, 90.26, 0.0, 0.0, 365.0, 0.0, 0.0, 0.0, 1553.0250549316406, 1716.2825417518616, 820.6665916442871, 0.0, 0.0, 0.0, 0.0, 0.0, 0.0, 0.0, 0.0, 0.0, 0.0, 127.0, 2797.914309978485, 702.0, 0.0, 267.1958771944046, 2.0, 0.0, 1801.0, 1934.9661407470703, 701.0, 0.0, 56.27252587565678, 60.14351825623622, 62.88861531543368, 52.93415673293766, 48.26620385628782, 65.45435832343253, 57.14598480550994, 63.6198339480607, 70.15977494661489, 55.27529624025684, 57.29683235154401, 52.52757988257591, 49.21090292567089, 71.59763774765017, 48.17600250951612, 56.45723060376366, 56.701390005152646, 42.916211624650735, 55.78872934486547, 46.274551766619005, 50.31647953457329, 47.63592009762824, 56.16789422295847, 65.49057455470269, 60.26948064257114, 45.50093476972621, 60.23649996152139, 47.9676171935478, 45.11240818843443, 56.173931379689215, 0.228045676323299, 0.2104685934991856, 0.2247732208472202, 0.0307685000922218, 0.0512738062533185, 0.3098722542097568, 0.2741451744675856, 0.2881569741475767, 0.5589208521647633, 0.2219841150818701, 0.1726042577436851, 0.2299984257454116, 0.0625482452282899, 0.434793102335585, 0.0329588433713235, 0.1722683915222417, 0.1539391281820984, -0.1314238119543674, 0.2172472310652164, 0.0345762661640011, 0.114628907700432, 0.0414282174878752, 0.1425699435129885, 0.3381818869984712, 0.2570483788107883, -0.0694444563841992, 0.350988285868646, 0.0335167480090708, -0.0284116599562306, 0.1913581100945989, 115.7870149779172, 74.306584815321, 155.83383473334382, 93.81527863137474, 30.402880171353672, 117.27523058867772, 173.53565334732355, 104.24065769728396, 238.482270559322, 134.72759186834364, 166.29185286124377, 36.52939871882849, 115.17486056252343, 85.7609623820415, 41.50541270389005, 122.40373389407168, 177.8794530585337, 60.00147139348864, 62.68278897555266, 51.35460077001797, 32.417760655868555, 84.32399352410134, 109.96192095264482, 121.29052263705694, 160.86841071905056, 78.33941880345502, 52.89232476733681, 84.48531432921335, 70.07019078051576, 90.21010242494587, 1.139697705546156, 1.7110616431053371, 1.7305315456237578, 0.7225309979020536, 0.1126471142931171, 2.1478042700128106, 1.7727732471761892, 1.9616853435511077, 4.289084786055656, 1.4383262240872503, 1.2258920049788884, 1.1537594115707734, 0.1322110991351252, 3.199168474684824, 0.0500244070117956, 1.206687978490153, 0.9285409234351336, -0.6727701272864135, 1.353785762432748, 0.1258588254393437, 0.5013709996586465, 0.0254939940797218, 1.0647009469923374, 2.056004519707814, 1.9830052287806892, -0.6055242472125939, 1.9751773813523308, 0.5198499021130091, -0.0426668685241565, 1.1778550723375278]
============================================
turbulence_threshold: 171.0940715631054
======Model training from: 20090000 to 20161003
======SAC Training========
======SAC Validation from: 20161003 to 20170103
SAC Sharpe Ratio: 0.4745295261231787
======TD3 Training========
======TD3 Validation from: 20161003 to 20170103
TD3 Sharpe Ratio: 0.4038597453867969
======TRPO Training========
======TRPO Validation from: 20161003 to 20170103
TRPO Sharpe Ratio: 0.3516602266847093
======Trading from: 20170103 to 20170404
previous_total_asset: 1192936.3049908634
end_total_asset: 1264932.621764317
total_reward: 71996.3167734535
total_cost: 862.0060126097775
total trades: 1237
Sharpe: 0.31642010003597415
============Trading Done============
[1.7203128512769297, 143.7, 78.59, 176.65, 92.27, 33.58, 107.8, 189.1989198919892, 113.2, 228.96, 146.62, 174.5, 36.16, 124.69, 87.52, 42.41, 129.61, 190.72, 63.47, 65.55, 55.56, 34.24, 89.68, 111.93, 120.38, 165.59, 89.36, 49.18, 82.95, 71.83, 82.07, 0.0, 0.0, 1898.0, 42.0, 0.0, 0.0, 1553.0250549316406, 0.0, 820.6665916442871, 0.0, 0.0, 14.0, 0.0, 0.0, 1968.0, 0.0, 0.0, 1866.0, 0.0, 0.0, 2798.914309978485, 702.0, 0.0, 267.1958771944046, 2.0, 0.0, 0.0, 0.0, 701.0, 0.0, 73.02597379932516, 53.054217067386176, 58.1065742589913, 47.26576148720198, 56.933744494807335, 44.17259820524094, 54.290680804789005, 62.94580960067248, 43.571137868921625, 58.776088413954525, 50.10087984271303, 52.12661668066797, 59.81845294927911, 49.436660276451, 54.57626787864009, 63.6761935490857, 61.64773234687307, 48.87247881213953, 57.82125352614117, 50.14083945428733, 56.79816824906298, 52.091940488694135, 51.94155413494798, 49.67963233241064, 52.99679139037218, 60.48392922433565, 46.1812677526308, 45.37190539285736, 57.626096454896256, 46.34189204707511, 0.2164723387086834, -0.0524837984452115, 0.0288500148447426, -0.1334036027174089, 0.0513433190974689, -0.1690380779861529, 0.1020449915798538, 0.0933903228852852, -0.3404983723185062, 0.0847707010631995, -0.1194028165496262, -0.0530186291062398, 0.1437132435109605, -0.1196946733542907, 0.0657764255612497, 0.0784615941824348, 0.1267109664411674, -0.1230734047796475, 0.0672152150033057, -0.0287595954976474, 0.0733624058184488, 0.0142821146102036, 0.0085714809573248, -0.023213230029855, -0.0098210327273891, 0.0616609298438678, -0.0254827943676153, -0.1016464515314014, 0.0569854947269844, -0.0160420387166986, 142.11063634365556, 78.66630439625898, 177.40980412450276, 92.84703023051614, 33.8925692521719, 108.01806121364817, 191.23001084947077, 112.5221330508764, 233.29851333917432, 147.0762643288202, 174.87488591135727, 35.64891484972841, 125.3915643897478, 88.59013629627098, 42.32809946140628, 129.04861319371608, 190.97065739728927, 63.74215252151544, 65.22287877872809, 56.27471637139511, 34.238702927959466, 90.4558097321856, 112.22260471410628, 121.27110441958256, 165.79458533872884, 89.074908327053, 49.36363931534932, 83.7459221041387, 70.7653223011003, 82.04586290659638, 1.7396584959328016, -0.0819483494111948, 0.7332951968412106, -0.7756005889383013, 0.8293819765344572, -1.0948413869066946, 0.9295798169270508, 0.646422652349637, -1.5144910719010165, 0.8558900374067915, -0.45568551802805, -0.4633702662390669, 1.3010883943996754, -0.2745980801562233, 0.4336490639443455, 0.630071840986997, 1.055776521947788, -0.3991808093839867, 0.4407336234532136, 0.2389874676598784, 0.7173511095546959, 0.3615304277737884, 0.1524739094059775, 0.0867297217526324, 0.2610627308366561, 0.7342493654247811, -0.1847655633540544, -0.3376287620186632, 0.4325292805817298, -0.334255806823785]
============================================
turbulence_threshold: 96.08032158358267
======Model training from: 20090000 to 20170103
======SAC Training========
======SAC Validation from: 20170103 to 20170404
SAC Sharpe Ratio: 0.3159974014098713
======TD3 Training========
======TD3 Validation from: 20170103 to 20170404
TD3 Sharpe Ratio: 0.6003490213700949
======TRPO Training========
======TRPO Validation from: 20170103 to 20170404
TRPO Sharpe Ratio: 0.21621941449911938
======Trading from: 20170404 to 20170705
previous_total_asset: 1264932.621764317
end_total_asset: 1271402.7137608808
total_reward: 6470.091996563831
total_cost: 3265.7913541570206
total trades: 985
Sharpe: 0.049315867969411134
============Trading Done============
[0.03376088048378989, 143.5, 85.1, 198.59, 106.97, 31.33, 106.3, 191.83918391839185, 107.46, 227.28, 154.01, 155.58, 33.46, 132.9, 92.75, 44.76, 152.5, 209.83, 64.27, 68.17, 58.65, 33.82, 87.74, 122.08, 127.34, 186.65, 93.35, 45.0, 78.13, 75.36, 82.1, 900.0, 527.0, 0.0, 0.0, 6.0, 0.0, 0.0, 0.0, 0.0, 1000.0, 1000.0, 1000.0, 1000.0, 0.0, 1900.0, 902.0, 1000.0, 0.0, 0.0, 0.0, 0.0, 900.0, 900.0, 0.0, 0.0, 0.0, 0.0, 0.0, 0.0, 0.0, 46.11104160176335, 69.23904292127428, 63.22955867894093, 58.062178766259, 42.85204761924769, 50.36927545946218, 53.36024398124115, 48.983488533856296, 52.77186509335448, 51.87255371326048, 46.429145723735154, 37.08845202802749, 61.05436878524688, 64.28826477981086, 53.226282514774766, 64.34421553981696, 62.82112298120819, 50.441976926853215, 47.99665942903589, 62.48334076905008, 56.09816583717509, 47.61195908583658, 58.945754776932176, 58.586378096913656, 64.47605892384081, 50.90653133786597, 41.74214468501483, 41.74911907137714, 48.14952162759776, 50.6569344264197, -0.2159418913673416, 0.2782012563415216, 0.303125476713712, 0.0748541828389754, -0.0506892567697349, -0.0301158851490408, 0.0612436073264745, -0.0920584791887823, 0.0523927206728748, -0.0475276832057786, 0.0367796828083001, -0.2622609207816636, 0.2110600862651526, 0.2140232163866497, 0.0251252622224079, 0.1519489313714753, 0.1915496653243854, 0.0621421570653618, -0.0183228479733651, 0.0840342443636986, 0.1735089703336249, 0.0418665622453631, 0.0498634261819628, 0.1504122983938887, 0.2123793902485106, 0.0253200887761202, -0.1077908124256286, -0.266602960359911, -0.1380360917195746, -0.0166851358674136, 145.38786831835705, 82.86796348155701, 197.4184132312396, 105.70737486177372, 31.686700097518344, 105.11154323362484, 190.6941620539249, 105.96633841197236, 222.54454558413835, 153.86750076359536, 154.49124915762513, 34.293004579587844, 133.49377453463435, 88.96115327212792, 45.098158032296624, 153.02172729021396, 209.8770606613253, 64.6969875775794, 69.59607321637428, 54.48329595098901, 33.554520628176, 88.30490311495961, 121.7087775865818, 127.18230007745728, 184.41012728881884, 94.55780265434493, 45.33142876238197, 78.47226952955556, 76.22595360346557, 81.51181462380187, -0.9979160722328472, 1.505303299412265, 1.868174043429812, 0.7777086104238735, -0.5776556577808359, -0.1895976410175591, 0.4839052710852023, -0.8136154841414641, 0.1179305457612498, -0.1090291455279676, -0.1327891699872267, -1.3672183516224257, 1.4300525578234156, 0.94115250495616, 0.4295331104226356, 1.2975143712918864, 1.40628624926253, 0.387646208990401, 0.2291163933672149, 0.1379647562403578, 0.7117186418092868, 0.2729026310249264, 0.422535782039519, 1.0296146972087077, 1.4082985154910832, 0.3818048949748804, -0.6185184202145959, -1.588450920451339, -0.3989580190952749, -0.0873371575299222]
============================================
turbulence_threshold: 171.0940715631054
======Model training from: 20090000 to 20170404
======SAC Training========
======SAC Validation from: 20170404 to 20170705
SAC Sharpe Ratio: 0.21874789996967117
======TD3 Training========
======TD3 Validation from: 20170404 to 20170705
TD3 Sharpe Ratio: 0.4170423011838075
======TRPO Training========
======TRPO Validation from: 20170404 to 20170705
TRPO Sharpe Ratio: 0.05316766350665791
======Trading from: 20170705 to 20171003
previous_total_asset: 1271402.7137608808
end_total_asset: 1296507.9037808802
total_reward: 25105.190019999398
total_cost: 2486.79343
total trades: 912
Sharpe: 0.1453319418807417
============Trading Done============
[7.25378088015794, 153.81, 90.54, 255.99, 124.72, 33.75, 117.43, 211.2811281128113, 99.86, 240.65, 164.02, 146.66, 39.04, 131.22, 96.84, 44.8, 156.96, 212.76, 64.55, 74.61, 51.87, 36.07, 91.77, 117.58, 123.32, 197.44, 105.44, 49.36, 76.6, 78.45, 81.63, 600.0, 1300.0, 1029.0, 0.0, 723.0, 0.0, 0.0, 700.0, 0.0, 321.0, 0.0, 0.0, 599.0, 0.0, 602.0, 600.0, 600.0, 0.0, 1349.0, 0.0, 0.0, 0.0, 600.0, 0.0, 0.0, 600.0, 0.0, 0.0, 0.0, 1400.0, 47.97751313554696, 67.09303856129473, 70.0994973315922, 69.05993741430916, 60.466401552836125, 67.35118240382886, 62.10190404368138, 45.63789457751248, 62.23995274099234, 63.53755365672937, 50.76605312484228, 70.28638758418519, 48.593754230655215, 62.69872802840056, 44.210780140603084, 51.51858911399359, 58.61150841572192, 52.5634211310168, 55.47741245905263, 39.84911105304742, 64.5443169118281, 51.02805019939634, 52.47907456439548, 49.46948706389429, 57.097294534121765, 59.54448320406267, 58.03270671281425, 38.55025594305623, 48.57833078454407, 58.07809993895907, -0.1804752968626615, 0.1962232057328399, 0.3291354300395763, 0.3330005724116257, 0.2469346425540684, 0.3418673031865467, 0.3080692907420256, -0.12822535312502, 0.2133541135953898, 0.2530478708159508, 0.0759373707357636, 0.2887584635515961, -0.0476294477941498, 0.18796102588792, -0.055032597248968, -0.0518379330837367, 0.1255325805503958, 0.1030015335841773, 0.0412189941350393, -0.1568581974350527, 0.2639803695471026, -0.0136806469210618, 0.0031070176225881, -0.0496425735907205, -0.0241380195370213, 0.0575671423146757, 0.1743525438913342, -0.1647705511078017, -0.0091892116998788, 0.1880548308625962, 155.0547361723066, 88.7982110523996, 252.30218048158363, 123.56762417477732, 33.14416207389611, 116.25074399486095, 207.75331357112236, 98.9970167639547, 232.1608651458913, 160.62733840827505, 145.43331376929575, 37.42719875488164, 131.38620903819097, 94.31007450724232, 45.38238915958272, 156.968930104264, 210.31414387417905, 64.77884897842904, 74.23442570495604, 52.87194610033432, 35.48805121271796, 92.17147965500534, 115.11694240802358, 122.20928946026224, 195.6224880315004, 104.67048482714442, 49.03913863286966, 78.8577751152156, 79.18941139980608, 80.7708890685884, -0.6125659977269708, 1.0616522874094447, 2.147241603100423, 2.103773281041659, 1.299695452537665, 1.9900827053346264, 1.82398043165694, -1.0429298027478808, 0.9861814419176558, 1.4490983765559724, 0.2565453442642343, 1.5202481627531546, -0.2207522500808952, 0.8830613643344871, -0.1504862442265264, -0.1187819713377272, 0.6698788561321017, 0.7094950128525209, 0.4096380788069159, -1.2731076288274077, 1.568943991749742, 0.1701696955529307, -0.4043461324669689, -0.6025605070304234, 0.1196727138960156, 0.6411076919419078, 0.9738532596616712, -0.668866564450025, 0.0505883190038749, 0.8372665902165627]
============================================
turbulence_threshold: 171.0940715631054
======Model training from: 20090000 to 20170705
======SAC Training========
======SAC Validation from: 20170705 to 20171003
SAC Sharpe Ratio: 0.07668054076294442
======TD3 Training========
======TD3 Validation from: 20170705 to 20171003
TD3 Sharpe Ratio: 0.18518157659128498
======TRPO Training========
======TRPO Validation from: 20170705 to 20171003
TRPO Sharpe Ratio: 0.32848655667720805
======Trading from: 20171003 to 20180103
previous_total_asset: 1296507.9037808802
end_total_asset: 1416060.163801232
total_reward: 119552.26002035174
total_cost: 9248.381985165805
total trades: 1704
Sharpe: 0.7225966636143539
============Trading Done============
[18346.642452561984, 172.26, 98.94, 296.84, 157.04, 38.86, 127.58, 215.72157215721572, 111.8, 255.67, 188.03, 154.25, 46.85, 139.23, 107.95, 45.54, 173.22, 235.64, 56.22, 85.95, 63.49, 36.44, 90.65, 128.16, 131.98, 221.16, 114.51, 53.53, 74.95, 98.59, 85.03, 565.1215451955795, 1859.6333994865417, 478.3259916305542, 0.0, 575.597954750061, 266.4183349609375, 1.4965928792953491, 1267.5447199344635, 0.0, 584.4354877471924, 351.1606140136719, 239.8938045501709, 149.3933572769165, 113.06452751159668, 447.5462222099304, 220.17217986285686, 773.5856473445892, 520.9922330379486, 878.7126150131226, 432.259765625, 171.08392429351807, 0.0, 1.5882627964019775, 142.20424342155457, 32.888465881347656, 860.296028316021, 196.92288970947266, 513.6296219825745, 0.0, 171.66199493408203, 54.60986403046483, 61.09396002994831, 69.20055181286156, 74.23094873769327, 68.01736573405825, 70.07751114706201, 54.37456345470965, 61.6774320197077, 57.922477332808256, 68.33789859772732, 54.02617200980413, 62.893949999198576, 50.35986244627046, 62.86325245024116, 47.49742842619616, 58.632670212799695, 56.394067702349645, 43.990330167477296, 60.54548740105812, 62.78912834477113, 55.332149182489, 50.79149279825873, 66.48358221836094, 49.584127563335166, 57.881928693497926, 58.91499852518509, 64.05926875165918, 55.73374979454955, 64.78767255864818, 61.11044542162585, 0.0405231358209964, 0.1450127668414229, 0.4129625638927813, 0.5373797157884106, 0.2618681240469911, 0.2654913451375382, 0.032456299442106, 0.210020752413805, 0.2501284149572304, 0.3629196160898391, 0.0123177331426849, 0.208359151342435, 0.0296383390117038, 0.2418634922275976, -0.0170180608254251, 0.0671320443147574, 0.0287556001880444, 0.0517979875824827, 0.1331008202391387, 0.3444783860037395, 0.0808937371052883, 0.1277928021830968, 0.2975457929287125, 0.0562422180962104, 0.1007360971517665, 0.1006309532229868, 0.4117684198626986, 0.1538962905611011, 0.1788050118185687, 0.0790064584727754, 172.041249917018, 98.76622876681157, 293.3151731487143, 153.36427131242863, 38.35039453307291, 123.73368288215164, 214.18083035774723, 108.73973480845976, 255.4749761676076, 186.95469723155605, 153.439590097206, 45.94208833368849, 140.458171385719, 106.74481378227506, 45.798814742136, 172.498278756859, 236.25596846322935, 56.24706553425271, 85.42683302943065, 63.09074204450573, 36.350208735389415, 91.47212149759432, 126.45221987787455, 134.40547520006805, 221.13059558948535, 113.27240961824651, 52.7815333977514, 72.79026429436529, 98.35601063113133, 83.65583947474013, 0.5127817049931029, 1.058048245288429, 2.600863725357744, 3.0930355929849465, 1.924346044143866, 1.4274524876326833, 0.1889230219262064, 1.4833925238063483, 1.545974408837498, 2.390637716947232, 0.2042286665885422, 1.2778335032612682, 0.2846458338889998, 1.6235094611144891, -0.1068955989677332, 0.6343016167577257, 0.5321922084558829, -0.1821321482872029, 0.9879705118214896, 2.490105374005181, 0.5257289389866444, 0.7253650180934271, 1.6743496461665162, 0.4820161373110328, 0.9765579010456662, 0.6581245124017638, 2.519664220658939, 0.8232590326290053, 1.5460319337709392, 0.4147106496076668]
============================================
turbulence_threshold: 96.08032158358267
======Model training from: 20090000 to 20171003
======SAC Training========
======SAC Validation from: 20171003 to 20180103
SAC Sharpe Ratio: 0.5526501117601282
======TD3 Training========
======TD3 Validation from: 20171003 to 20180103
TD3 Sharpe Ratio: 0.6551038659702049
======TRPO Training========
======TRPO Validation from: 20171003 to 20180103
TRPO Sharpe Ratio: 0.5204436940682917
======Trading from: 20180103 to 20180405
previous_total_asset: 1416060.163801232
end_total_asset: 1425190.6620947917
total_reward: 9130.498293559765
total_cost: 3382.2316191260297
total trades: 339
Sharpe: 0.03685690614213455
============Trading Done============
[57013.363987769175, 171.61, 93.58, 327.44, 145.18, 41.2, 114.48, 191.0891089108911, 100.95, 252.62, 177.44, 154.12, 49.99, 130.41, 110.99, 44.24, 161.73, 217.56, 54.54, 92.33, 68.42, 36.13, 79.05, 125.77, 138.63, 228.79, 119.81, 47.93, 65.51, 87.22, 74.87, 72.0, 1200.0, 200.0, 129.0, 0, 1101.0, 200.0, 1000.0, 400.0, 1100.0, 400.0, 100.0, 1100.0, 100.0, 0, 0, 200.0, 0, 794.0, 0, 0.0, 700.0, 0.0, 500.0, 201.02205657958984, 0, 0.0, 1000.0, 100.0, 200.0, 49.96687714114552, 47.45938381361612, 49.17524666500383, 45.31168551230114, 47.22688579313167, 47.48728086718994, 41.28100085842901, 45.707423381260426, 47.66397198538151, 46.769812142379855, 48.615631957190665, 52.89839988449467, 47.56444658071312, 49.17626196238725, 49.62311812665903, 50.068609851748285, 42.32192392940197, 46.52766592834911, 51.87746041445114, 55.89493381651708, 50.70362179217592, 43.72557021308217, 47.04213106166239, 49.96531542605283, 52.57974456863397, 49.93650618572528, 45.47262967345158, 43.17773342387263, 42.830963994439536, 44.7546280742171, -0.1482265215185024, -0.2111246957897745, -0.3029031084346201, -0.2714869410743284, -0.1480656041039698, -0.0335347175851793, -0.4965830012906844, -0.2345491212852886, -0.2313674563548558, -0.2177486474189619, -0.135233601333602, 0.17454253270824, -0.1509238965898674, -0.2274200801017225, -0.120258003690353, -0.0259671205027515, -0.3595942516253033, -0.099235013155134, -0.1375717753615279, -0.0398107013218755, -0.0993892088497097, -0.170557489870469, -0.2232070419765995, -0.0903279862068981, -0.1741369994743692, -0.1085713376384523, -0.1674159422629423, -0.3194659736741826, -0.3096567454044049, -0.172077833130104, 170.48478556653967, 93.15157246515788, 328.8689981620205, 147.92177291323907, 42.62995637920864, 114.15945105943467, 194.23599111840755, 100.5833166807362, 253.98635658759576, 176.243852968584, 153.3278420844492, 50.43577639043831, 128.66447312812, 110.72895178442924, 43.35490620557948, 158.59089160265583, 221.53384359550984, 54.33281581921542, 91.16402936699316, 66.16147562268888, 35.663591704273415, 78.30887681252128, 125.98588901744743, 138.2134779606888, 221.64256458736037, 119.96321903571364, 47.67743414700157, 65.92974366210093, 87.46179429459585, 74.25984199179833, -0.4781715576377321, -1.180835925307197, -1.3770723884677951, -1.550712091378792, -0.147902380276592, -0.5425444214976248, -2.8508171380822214, -1.4523253258057744, -1.0047512437929318, -1.5272351284142456, -0.6996419412774878, 1.5692565404437857, -1.0664932376445335, -0.96118712225785, -0.8985791526458596, -0.5923145649555063, -1.926976677880528, -0.811386418076466, -0.4094266994721035, -0.1627562852889408, -0.4861066050761449, -1.438425759620422, -1.194386187932854, -0.4225361247964011, -1.0026345505177872, -0.3698964227222059, -1.260945527740805, -2.0029868103315387, -2.4330313533716903, -1.532781563167433]
============================================
turbulence_threshold: 96.08032158358267
======Model training from: 20090000 to 20180103
======SAC Training========
======SAC Validation from: 20180103 to 20180405
SAC Sharpe Ratio: -0.0015163772529802888
======TD3 Training========
======TD3 Validation from: 20180103 to 20180405
TD3 Sharpe Ratio: -0.06279726129740183
======TRPO Training========
======TRPO Validation from: 20180103 to 20180405
TRPO Sharpe Ratio: 0.04399297120653668
======Trading from: 20180405 to 20180705
previous_total_asset: 1425190.6620947917
end_total_asset: 1425858.3317836998
total_reward: 667.6696889081504
total_cost: 6843.553799948307
total trades: 1141
Sharpe: 0.00781244520173856
============Trading Done============
[1425858.3317836998, 183.92, 97.84, 332.93, 133.83, 42.67, 124.73, 195.4695469546955, 104.04, 220.38, 193.62, 139.57, 49.47, 122.71, 103.61, 43.99, 156.48, 195.83, 60.71, 99.05, 76.28, 36.35, 77.9, 124.92, 122.77, 246.98, 131.45, 50.7, 60.76, 84.44, 82.24, 0.0, 0, 0, 0, 0, 0, 0, 0, 0, 0, 0, 0, 0, 0, 0, 0.0, 0, 0, 0, 0.0, 0, 0, 0, 0, 0, 0, 0.0, 0, 0, 0, 50.34826189084464, 48.824572379292206, 45.25957715279079, 36.77623446189965, 46.478682663709805, 50.76494272032825, 46.22363380910459, 50.92355234376048, 38.27740777732887, 53.69584964909969, 41.44585526556013, 42.84181657387821, 46.95754026365791, 41.18273050302524, 53.50732274785924, 44.13972532595111, 41.36440896345942, 53.62150945562984, 52.38286048317405, 58.17287318876097, 52.15122224958008, 54.42217443130872, 48.82949883506327, 38.77542274071628, 53.38372753521028, 52.09725581181058, 56.57753896990632, 42.44618778151796, 47.28237185778681, 53.90634760619542, -0.077337368315792, -0.1100135395088642, -0.2822645862348102, -0.5339411042526646, -0.1136053869805646, -0.0303319615835414, -0.0800072865336022, 0.1130957571009182, -0.234548803137168, 0.1278637177077356, -0.1498460120859637, -0.4090958902343981, -0.035799282227977, -0.2237950580204294, 0.0527341990211456, -0.1222168528658518, -0.1289757335234774, 0.0342579371347822, 0.0021176291277518, 0.1481304092940006, 0.0391018655773826, 0.1938792084237784, -0.0374333521431843, -0.2590730668592249, 0.0707412772051231, 0.0295010692297465, 0.1484394539500323, -0.005699275120088, 0.0646166014570722, 0.0200217673260836, 185.9436546840439, 98.1259080792613, 339.5886056965742, 139.5980882010028, 43.05369893236262, 125.0338407380285, 198.77726308229265, 104.88988559697282, 224.465036358225, 195.8050987248246, 140.81523828850678, 51.12286833752694, 122.11614878685192, 105.6644554107509, 43.58106366675209, 159.7386410808885, 197.4890103411396, 60.816578270294336, 99.52125337218334, 74.8983063144796, 36.316824449220285, 77.35769742403754, 125.2290659998596, 124.15318950691196, 248.85398397444192, 132.86797528866666, 49.61978196372219, 63.41703580103433, 84.90161146728964, 81.53379199287858, 0.035300139152989, -0.4747565395202414, -1.0554425537552272, -2.64673587867661, -0.6030949397693288, -0.0592263135180955, -0.1998012843360755, 0.7779881341238212, -1.5295744667106503, 1.1460502780688977, -0.8770423298338383, -1.7797472298112054, -0.3917477160057926, -1.2331469904308148, 0.3561714103268359, -0.4489140781021534, -0.8073946970737704, 0.5763345647333052, 0.4063987455101522, 1.2323717890186652, 0.2772679770954965, 1.0513083900985205, -0.0447754460121552, -1.5076314560818065, 0.8222241432749147, 0.558217934208842, 0.7056901357099405, 0.0042246058550058, 0.1441670550077312, 0.3139738890257535]
============================================
turbulence_threshold: 96.08032158358267
======Model training from: 20090000 to 20180405
======SAC Training========
======SAC Validation from: 20180405 to 20180705
SAC Sharpe Ratio: 0.06498588489193582
======TD3 Training========
======TD3 Validation from: 20180405 to 20180705
TD3 Sharpe Ratio: -0.07701355746553015
======TRPO Training========
======TRPO Validation from: 20180405 to 20180705
TRPO Sharpe Ratio: -0.21672995178589696
======Trading from: 20180705 to 20181003
previous_total_asset: 1425858.3317836998
end_total_asset: 1444583.6382607825
total_reward: 18725.30647708266
total_cost: 6033.104513885391
total trades: 828
Sharpe: 0.14248941011895389
============Trading Done============
[1444583.6382607825, 229.28, 108.39, 386.37, 154.82, 49.01, 124.74, 194.4794479447945, 117.66, 226.07, 204.75, 153.75, 48.1, 140.48, 113.97, 46.51, 165.18, 215.71, 71.75, 115.15, 82.77, 44.22, 84.36, 141.45, 129.51, 270.63, 149.67, 54.42, 73.49, 95.15, 86.46, 0.0, 0, 0, 0, 0, 0, 0, 0, 0.0, 0, 0, 0, 0, 0, 0, 0.0, 0, 0, 0, 0.0, 0, 0, 0, 0, 0, 0, 0, 0, 0, 0, 63.67683257634674, 56.9318854210403, 63.56772595629951, 60.46891554168697, 66.56504099879052, 56.66571149236855, 41.978783546266456, 63.443066922115925, 43.90392715600562, 52.65121097960417, 61.06506320628151, 49.9245677958394, 60.92070220400456, 50.07561131653138, 56.025427475581765, 54.4230852270357, 57.20282599335624, 65.5776676991556, 61.46073886584928, 54.564062626686, 70.73721794100265, 57.63017548329175, 62.67169156860958, 49.17158420334346, 59.84683113336911, 60.73724344900308, 55.750459070337165, 62.13086976692339, 55.98244479159437, 61.26017724637709, 0.1224845367159079, 0.1456031264123843, 0.2965581587889964, 0.4243827234384426, 0.2293926040410471, 0.1339488131592389, -0.1698563426363051, 0.1226754410863251, -0.1173955937499713, 0.1307769235472256, 0.1618676485537896, -0.1143189080848786, 0.158726552362407, 0.0147154459042569, 0.039316281916737, 0.1097065194513101, 0.0975446420098685, 0.1670898370841173, 0.2092579082646198, 0.1785709558549333, 0.2581471335124208, 0.0572506818620495, 0.2315242976684484, 0.0132536092476276, 0.0364859133872531, 0.194298774894374, -0.0262324556635345, 0.2768354538476731, 0.0091947538040344, 0.2879728518676996, 223.54177346774236, 108.3932330780754, 369.33483319895913, 151.48590378988595, 48.22366809352348, 121.62639476346502, 200.7048205694128, 114.07490789649012, 229.42024272686857, 207.61319694299848, 150.6956980628914, 46.656985341964166, 139.29230449586544, 114.79580361665384, 46.11834537527937, 164.52994222367133, 212.05507260436812, 70.72151919895322, 113.84139930254274, 83.91725641365817, 43.65712576903197, 83.71365668122624, 139.45001989337433, 130.3802640241654, 266.30425611055483, 148.9185207436921, 53.878718350240845, 72.1700768545722, 94.90247711869225, 85.00202321352351, 1.2366132543575854, 1.1426456864697998, 1.51713554947693, 2.2860754525238955, 1.6356000822035095, 0.3188685311479701, -0.6047586308171365, 0.5318439152073644, -0.551041782876265, 1.0045110499873255, 0.8920196011759184, -1.079083486436105, 1.219254090475638, 0.1974565063468476, 0.2480631190210528, 0.6380371025625692, 0.7123218669672096, 1.2841144155300732, 1.3357344373894406, 1.250101009666106, 1.774402136169897, 0.5200873380744667, 1.3295063972795025, 0.1973320603278126, 0.3954705041254558, 1.2783935739133712, 0.1740598875386358, 1.639693893348008, 0.4991162581076132, 1.5217539577155017]
============================================
turbulence_threshold: 96.08032158358267
======Model training from: 20090000 to 20180705
======SAC Training========
======SAC Validation from: 20180705 to 20181003
SAC Sharpe Ratio: 0.34138132587487685
======TD3 Training========
======TD3 Validation from: 20180705 to 20181003
TD3 Sharpe Ratio: 0.258051615570621
======TRPO Training========
======TRPO Validation from: 20180705 to 20181003
TRPO Sharpe Ratio: -0.01671842979417871
======Trading from: 20181003 to 20190104
previous_total_asset: 1444583.6382607825
end_total_asset: 1461782.5160930664
total_reward: 17198.877832283964
total_cost: 1433.0665406540654
total trades: 171
Sharpe: 0.2358457893474333
============Trading Done============
[1461782.5160930664, 142.19, 93.43, 310.9, 121.51, 41.07, 108.57, 157.54575457545755, 106.33, 169.51, 168.61, 112.91, 44.49, 125.72, 97.11, 46.64, 174.9, 183.76, 74.04, 97.4, 72.75, 42.04, 90.64, 103.48, 115.26, 236.85, 128.13, 56.22, 67.33, 92.86, 68.62, 0, 0, 0, 0, 0, 0, 0, 0, 0.0, 0, 0, 0, 0, 0, 0, 0, 0, 0, 0, 0, 0, 0, 0, 0, 0, 0, 0, 0, 0, 0, 32.698986810576216, 39.07297396325888, 43.82513445090908, 44.928520329977424, 41.22075271995087, 43.93707092918806, 42.69887425264726, 43.60198068006355, 37.74405600218883, 43.69704260295124, 40.44015679485848, 45.17295822170012, 38.114765524557406, 40.56269039762168, 44.93414570597131, 47.77401658759037, 42.07964878547649, 49.92768079396757, 42.65761256730217, 47.93660670480535, 46.3568998593742, 50.94361110020026, 33.05165279194307, 40.01675268388811, 39.76763200963237, 43.99921285104976, 49.40968467093407, 36.87630264053477, 47.44247331625358, 37.90669296578851, -0.765990242004612, -0.5975686631545586, -0.310456806868234, -0.1246857130291115, -0.4085743546967239, -0.3637158881806618, -0.3492444743636702, -0.3126048488905464, -0.7627541441366384, -0.2125301748190165, -0.3418733988092624, -0.1646884825317467, -0.5625198629798671, -0.4856236173751445, -0.1930395156737056, -0.2139057032882579, -0.3036260093939291, -0.0972274419325682, -0.3302666164659584, -0.1182491503638167, -0.175691170575674, -0.0765209671657686, -0.6931667236444276, -0.3522811904541828, -0.4715273289967565, -0.3014103530092351, -0.2606888994239646, -0.7968172457891016, -0.2926324397443404, -0.6042480396503491, 157.2864204711374, 96.72262011528194, 317.565950320008, 124.36190492672064, 43.13958789385733, 109.33167635173317, 158.88874849435155, 108.06206478379958, 169.1559475574559, 169.37818501554466, 114.47519024514932, 46.26542249809503, 129.89963064104856, 98.08954048389712, 47.50415204338564, 177.0125825505032, 189.815242796267, 75.00395801856868, 101.32563578883014, 72.60707091415408, 42.81957186281783, 91.50477869572252, 109.03102069984708, 118.43330250433569, 247.91214141771005, 131.1611201664256, 55.88059005230368, 70.64729470309149, 91.7963273068942, 70.19541098035238, -5.358105059435332, -3.069246665330866, -2.174600369072632, -0.9674311850209142, -2.06896389281739, -2.033266611566014, -2.369368852321909, -1.7604749071585266, -5.288112050832186, -1.5877769337448882, -2.286126058676655, -0.730237648293525, -2.8648953561374464, -2.920211561907148, -0.7483302430068597, -0.7720749760774652, -1.5977342415960167, -0.1474692865799573, -1.7655348262003023, -0.9621740362808812, -0.8489412655791213, 0.0204954067341086, -4.113518476673455, -1.9911222232032544, -2.365874514654865, -1.7524020900053756, -1.2039219725994277, -3.8817884211504823, -1.860942725513849, -3.497688388004979]
============================================
turbulence_threshold: 171.0940715631054
======Model training from: 20090000 to 20181003
======SAC Training========
======SAC Validation from: 20181003 to 20190104
SAC Sharpe Ratio: -0.3569513521460433
======TD3 Training========
======TD3 Validation from: 20181003 to 20190104
TD3 Sharpe Ratio: -0.3669657685805468
======TRPO Training========
======TRPO Validation from: 20181003 to 20190104
TRPO Sharpe Ratio: -0.3768323155977745
======Trading from: 20190104 to 20190405
previous_total_asset: 1461782.5160930664
end_total_asset: 1521252.4905930671
total_reward: 59469.97450000071
total_cost: 1460.3062300000008
total trades: 690
Sharpe: 0.17317856539624676
============Trading Done============
[1521252.4905930671, 195.69, 110.12, 395.86, 140.13, 55.14, 124.8, 113.35133513351336, 114.75, 202.23, 200.45, 142.78, 55.92, 135.57, 105.56, 46.48, 189.87, 215.03, 81.85, 119.36, 85.28, 42.74, 103.43, 132.7, 136.52, 247.39, 157.64, 58.99, 54.15, 98.11, 82.05, 0, 0, 0.0, 0.0, 0, 0, 0, 0, 0, 0, 0, 0, 0, 0, 0, 0, 0, 0, 0, 0, 0, 0, 0, 0, 0, 0, 0.0, 0, 0, 0, 63.23360947710768, 55.40848426744724, 53.60106690085511, 56.2214982611386, 67.21510352173826, 57.40939566434079, 28.693445576738924, 55.208232676228114, 56.015165919494365, 64.79223319296005, 60.70974108374223, 61.671414236342784, 48.562803222512834, 53.585356859042825, 49.58766403310829, 59.9331717176303, 59.54634166230166, 56.64480443107991, 61.28474857694541, 54.493599426839374, 51.71117462787564, 62.83922133830056, 61.441297067720015, 61.23977447654861, 46.98173096978298, 63.25469914074533, 55.90996478601027, 29.780459625975126, 51.64258274242455, 59.12646286805079, 0.4210869886789395, 0.0865071534323885, -0.3110242457787635, 0.045992694012941, 0.3257363900035092, 0.106573156306996, -0.5739589679533065, -0.0785943498830029, -0.0373547784116722, 0.2073592350341569, 0.1436510504335041, 0.1526447252125452, 0.0497652075410141, -0.070796852263409, 0.0493688801051806, 0.1784070027869088, 0.1007559035755828, 0.1562178265264276, 0.2979267385324657, -0.0425278659046701, 0.0358039947902772, 0.1960856363584762, 0.164337013546388, 0.1966878127204226, -0.1386674852771797, 0.2747794453574565, 0.2315699379558697, -0.4655565061982883, -0.0306532957978074, 0.1442765184472245, 190.30259282809556, 110.29239035602184, 384.6738530632211, 136.22053451119396, 54.0516636336527, 124.03092119841536, 143.4147889991554, 111.91050645551918, 196.1461616710579, 192.40831859378017, 141.25893278426292, 54.23942812254632, 137.7399392787002, 103.49547929336984, 46.301826309779486, 187.4304601865359, 209.8863938923175, 82.47449751438509, 117.88438416163562, 84.74447930424172, 42.45631642155821, 102.85743003223908, 129.15324666469888, 135.75518101361442, 246.56964077272505, 155.6116372516602, 58.88439704319544, 59.89666783171878, 97.8444912378521, 80.98049619674546, 2.7020143445390064, 0.8931106953348764, -1.4607601865974924, 0.2709983755672077, 2.3218424391404606, 0.9709376593922744, -2.7515549388901883, -0.35441556571945, -0.0752852936640784, 1.0794644821986714, 1.1041756934815137, 1.2955969446188222, 0.5062043103588098, -0.3087953650330299, -0.0342865999136925, 1.003421768520944, 0.7103099028892956, 1.170732488971889, 1.9812449192390087, 0.1998710934532669, 0.1067590803227444, 1.312033116211752, 1.1421524317792244, 1.3528334712077552, -1.0162013226047928, 1.8907613964725785, 1.385777783958187, -3.177385383144278, 0.0017921262685359, 1.2069158315384096]
============================================
turbulence_threshold: 96.08032158358267
======Model training from: 20090000 to 20190104
======SAC Training========
======SAC Validation from: 20190104 to 20190405
SAC Sharpe Ratio: 0.0007691669824433479
======TD3 Training========
======TD3 Validation from: 20190104 to 20190405
TD3 Sharpe Ratio: 0.10770981474933804
======TRPO Training========
======TRPO Validation from: 20190104 to 20190405
TRPO Sharpe Ratio: -0.009781269757460777
======Trading from: 20190405 to 20190708
previous_total_asset: 1521252.4905930671
end_total_asset: 1528729.0225930675
total_reward: 7476.532000000356
total_cost: 945.0970000000004
total trades: 104
Sharpe: 0.2770428869273724
============Trading Done============
[709447.0225930675, 204.23, 125.4, 355.86, 135.49, 56.6, 123.54, 73.74, 142.45, 207.9, 211.46, 141.38, 48.08, 140.57, 113.49, 52.11, 211.24, 172.0, 85.6, 137.06, 86.82, 43.92, 113.15, 132.54, 154.09, 246.99, 176.66, 58.31, 55.19, 111.98, 76.13, 0, 0, 0.0, 0.0, 600.0, 600.0, 0, 0, 0, 0, 0, 600.0, 600.0, 0, 600.0, 0, 0, 600.0, 0, 0, 0, 600.0, 600.0, 0, 600.0, 600.0, 600.0, 600.0, 0, 600.0, 58.88155431590078, 62.38899512141764, 47.40938097233083, 56.369191046897285, 54.65567583022938, 53.87389056945488, 29.17816812846037, 62.29538808404062, 59.470035736661714, 62.78572526384408, 57.50583978230579, 49.75543455310302, 52.74555733176169, 56.75273721851232, 61.62712065400907, 64.31112297036768, 43.58378584403536, 59.69305396150671, 62.08880443762941, 55.60450446585472, 57.85021008312525, 61.3326576663608, 52.73807570563952, 64.3896202349203, 51.86045047374856, 65.5774348307732, 52.662537243251535, 52.070927750880536, 68.12480799603175, 49.428645947148624, 0.3113384633496518, 0.2083169633997685, 0.1242876565338634, 0.3511401992778136, 0.0983326440409579, 0.1677486831261206, -0.6264763801645401, 0.2004476107941418, 0.2359630710207582, 0.2986676017104798, 0.196701399817231, 0.1923157269413677, 0.1192788316458021, 0.0640547237665718, 0.1510427520773594, 0.1674928982400785, 0.1122920530264085, 0.2324280584460345, 0.279264922884952, 0.1230080137610252, 0.1818880844477775, 0.1838119037538556, 0.007175364024878, 0.1362994906107548, 0.0479104301423462, 0.2431140517848752, 0.017157975117959, 0.1908540786565038, 0.3025944032655281, 0.1045971970208574, 199.5493059579328, 124.1085002914917, 360.3488824115682, 133.86303178220786, 55.956510380748, 123.27130001269668, 74.90013707880144, 140.77387476076015, 201.27437006834188, 207.95384132582163, 138.91350413949897, 47.61709055863889, 140.65615237664943, 111.32420499820807, 51.53229680710907, 207.31933719480875, 172.3248527012745, 84.70978614655061, 135.12926565439665, 84.62985624069718, 43.61445676697043, 111.19085300827648, 130.26487029315996, 151.61325012127054, 245.6572703617221, 173.26851428740613, 57.652361145981374, 53.93515328806363, 110.48742107135683, 76.04629023667823, 1.4178320651227907, 1.370730855733539, 0.460651767628612, 1.4300211856721594, 0.6347232550307152, 0.8816316803130684, -5.885194348306917, 1.403372410655218, 0.8677541985682419, 1.6412304865761482, 0.8269789310317196, 0.329707788598902, 0.6518899831338079, 0.2247676987701856, 1.1384129870070825, 1.076354626363355, -0.2706972069677002, 1.4792353225539665, 1.7652792317449952, 0.4550043883179074, 1.142823930522324, 1.16901776655228, -0.3591131693938872, 1.042829644588287, 0.4365426496815177, 1.5377443124256027, 0.0556208558009651, 0.6045682943342959, 1.9077027761817615, 0.2249043298762689]
============================================
turbulence_threshold: 96.08032158358267
======Model training from: 20090000 to 20190405
======SAC Training========
======SAC Validation from: 20190405 to 20190708
SAC Sharpe Ratio: 0.13143617060942953
======TD3 Training========
======TD3 Validation from: 20190405 to 20190708
TD3 Sharpe Ratio: -0.01138523865703865
======TRPO Training========
======TRPO Validation from: 20190405 to 20190708
TRPO Sharpe Ratio: -0.02302270802099619
======Trading from: 20190708 to 20191004
previous_total_asset: 1528729.0225930675
end_total_asset: 1526792.120593067
total_reward: -1936.9020000004675
total_cost: 2969.1280000000006
total trades: 284
Sharpe: -0.02111803230181582
============Trading Done============
[1526792.120593067, 220.82, 112.55, 372.07, 120.04, 47.06, 113.15, 68.12, 128.15, 197.24, 226.81, 142.02, 50.03, 131.19, 112.19, 53.84, 210.03, 155.23, 82.74, 136.28, 92.22, 35.45, 121.74, 131.21, 141.73, 215.36, 172.87, 59.01, 52.6, 116.31, 67.98, 0, 0, 0, 0, 0, 0, 0, 0, 0, 0, 0, 0, 0, 0, 0, 0, 0, 0, 0, 0, 0, 0, 0, 0, 0, 0, 0, 0, 0, 0, 56.21763912603704, 39.22453203780261, 52.65285963466474, 43.68602071826459, 40.97082122510966, 39.24723134100846, 43.129645641740815, 40.3958274933964, 43.31429283249299, 55.12129993898445, 52.11124835935238, 51.33242491340317, 49.51650996550543, 48.03485702968942, 51.14670105903073, 48.1484875757524, 39.02123759793032, 48.113959243227306, 49.79098279697817, 59.246187273005255, 41.366743470815926, 54.64894982436618, 48.2676711514052, 42.4470687911838, 37.51312838446582, 47.45770505958786, 52.76890632191893, 47.56311673644816, 55.9018783394697, 41.04610251914834, 0.2214100240596842, -0.1337089787147822, 0.2811499094110542, 0.0941555403802836, -0.0506130618937526, -0.0106750088483609, 0.0750258532421893, -0.2151825627464807, -0.0058832939936103, 0.1291445856574316, 0.1676979405674265, 0.1802960872075429, 0.018284392698179, 0.2066062006559275, -0.0212805483040926, -0.1045991451704235, -0.0420299821841574, -0.0826149569406811, 0.0266449943871069, 0.3477828047842694, -0.0589304677187917, 0.1250748900066062, 0.1489162402114587, -0.0476062611925122, -0.3175462278246314, -0.1410747258268551, 0.1681851546758042, 0.138343647114364, 0.1720563021854423, -0.0016992089508386, 220.03443568741787, 116.81981678245788, 376.49707258214687, 124.8492556259491, 48.4167157501136, 118.50337252794596, 69.6183342557925, 131.51471458983082, 206.3789202789553, 228.39711670076727, 142.5371586004337, 50.60002267489262, 130.38933108362266, 115.91444635532017, 54.15756072028866, 211.08447487819308, 162.0128668019841, 83.33429912529432, 137.53471698279174, 90.44695302789911, 35.83887760797874, 122.64516399171224, 134.40649663715052, 145.84844221541212, 221.58466169066227, 174.19680503927637, 59.70846842323217, 54.00953846002079, 117.1699986331524, 70.16001464143315, 1.5007589560471404, -0.9382225940124292, 1.8766002478556056, 0.6034334744614344, -0.7907751890495026, 0.0101384258191426, 0.3708035172552252, -1.197027357632125, 0.2088888472513029, 1.162146297356175, 0.8699232082734006, 1.2793398197696144, -0.0601249028484027, 1.3509162081919055, 0.1038642294449197, -0.5537189686912293, -0.2309604323744165, -0.3973946849055264, 0.2061558936795692, 1.8981750750373336, -0.7245372736906733, 0.9520227262946516, 1.0075559408458532, -0.2627922922036106, -2.004703591309357, -0.6742906438363545, 1.1731341735601764, 0.8691154125959043, 1.1705980702072691, -0.0627950970313488]
============================================
turbulence_threshold: 96.08032158358267
======Model training from: 20090000 to 20190708
======SAC Training========
======SAC Validation from: 20190708 to 20191004
SAC Sharpe Ratio: 0.020015050591494696
======TD3 Training========
======TD3 Validation from: 20190708 to 20191004
TD3 Sharpe Ratio: -0.11241326449899265
======TRPO Training========
======TRPO Validation from: 20190708 to 20191004
TRPO Sharpe Ratio: -0.23025918234363624
======Trading from: 20191004 to 20200106
previous_total_asset: 1526792.120593067
end_total_asset: 1525681.4505930666
total_reward: -1110.6700000003912
total_cost: 383.507
total trades: 64
Sharpe: -0.27885986437566246
============Trading Done============
[1525681.4505930666, 297.43, 124.6, 332.76, 148.44, 47.63, 121.01, 62.16, 146.5, 231.58, 218.93, 134.34, 60.1, 144.28, 138.34, 54.69, 200.08, 178.45, 91.25, 158.62, 101.92, 38.93, 122.58, 153.35, 137.02, 289.54, 189.6, 60.4, 59.08, 117.89, 70.33, 0, 0, 0, 0, 0, 0, 0, 0, 0, 0, 0, 0, 0, 0, 0, 0, 0, 0, 0, 0, 0, 0, 0, 0, 0, 0, 0, 0, 0, 0, 73.35456199464011, 55.87308034031805, 43.84876311787183, 58.17128857243422, 52.560737023697264, 54.05412234278862, 42.07132353680563, 54.84778665323909, 59.44235677153771, 46.83202275453235, 47.83963748026345, 62.21867989012527, 62.011410363517136, 63.657504769531215, 53.81449089209785, 51.99977195060556, 57.47384566482874, 61.07119474448525, 64.65845775938675, 65.44294657540925, 55.11982588302464, 49.647893508013794, 63.43640163353886, 49.94055401636422, 63.38072498865005, 59.52106120726706, 50.156754226522814, 53.88840088394815, 47.63135257088524, 51.68791979660867, 0.4474369816562919, 0.1939555285758798, -0.3595925043230512, 0.1544499972926445, 0.2505042174908687, 0.0883710295293618, -0.155593002656618, -0.0025431017514923, 0.2230208617312156, -0.0489305261989101, 0.0118634517611876, 0.1957191105445439, 0.2857414176276996, 0.2509977611898669, 0.1234908311957166, 0.0726623357847562, 0.2153138450122804, 0.2374837727841713, 0.2578831058365636, 0.3384903337130362, 0.1448643951316054, 0.0803652054059891, 0.1187416662872804, 0.0559197971749313, 0.3344182212940196, 0.1805728301625545, 0.0762798977981379, -0.0488732581837216, -0.0003864274712885, 0.0632968415133299, 287.6567072627865, 124.33328940466258, 333.4760835662796, 147.5107799253603, 47.3329730212915, 119.96836246777798, 63.5864957385598, 146.1719943553474, 229.6218923585118, 218.79024043342625, 134.50656378270003, 59.28949972359836, 144.496731871004, 138.1077861067425, 54.79152508039643, 197.7127737125868, 175.5094224399463, 90.76180703400745, 157.14950264449232, 100.37841125535785, 39.00127533766409, 124.35363994073504, 150.29330851205418, 136.51339837168123, 291.34145008921803, 187.69591742462825, 61.08356436452544, 58.72753007808437, 119.22876595116524, 69.95158450620792, 2.78146165523348, 1.1350047945184405, -2.1003577349307214, 1.0864685683823954, 0.9505091211108893, 0.4020910268724033, -1.146572451821594, 0.5182765185103518, 1.3960888324645089, -0.6922096755828838, -0.0825624865040301, 1.2195810034829244, 1.84910341830054, 1.7651319856614782, 0.6873498624568027, 0.2071303545893378, 1.1403285869073256, 1.520059307090272, 1.6863914668475146, 2.051241341771528, 0.9827627008452936, 0.5737751694804045, 0.8065378397486048, 0.2282286595502903, 2.509313486417211, 1.0911910489160797, 0.4938537143336546, -0.1270962311601189, 0.0635229231602401, 0.2947729772449197]
============================================
turbulence_threshold: 96.08032158358267
======Model training from: 20090000 to 20191004
======SAC Training========
======SAC Validation from: 20191004 to 20200106
SAC Sharpe Ratio: -0.03991246315699264
======TD3 Training========
======TD3 Validation from: 20191004 to 20200106
TD3 Sharpe Ratio: 0.03618488894085642
======TRPO Training========
======TRPO Validation from: 20191004 to 20200106
TRPO Sharpe Ratio: -0.289111152827161
======Trading from: 20200106 to 20200406
previous_total_asset: 1525681.4505930666
end_total_asset: 1502607.2205930674
total_reward: -23074.229999999283
total_cost: 1234.428
total trades: 140
Sharpe: -0.3747933066886566
============Trading Done============
[1502607.2205930674, 241.41, 73.6, 124.52, 114.67, 39.06, 75.11, 31.87, 93.88, 146.93, 178.7, 106.34, 54.13, 134.17, 84.05, 43.83, 160.33, 133.79, 76.25, 153.83, 78.86, 33.64, 115.08, 49.93, 93.89, 229.49, 151.85, 54.7, 40.72, 119.48, 39.21, 0, 0, 0, 0, 0, 0, 0, 0, 0, 0, 0, 0, 0, 0, 0, 0, 0, 0, 0, 0, 0, 0, 0, 0, 0, 0, 0, 0, 0, 0, 43.59964787812255, 37.41250041428696, 33.07525884100707, 47.20734128332644, 46.48936856558969, 42.74459930423886, 35.412350060652884, 39.6661977311075, 38.88266380707974, 43.07616397485491, 42.09367791310019, 48.37457940698487, 48.801517951136326, 38.93601368860431, 41.33066083394254, 41.92850607504216, 43.56696058102828, 47.24386971893527, 48.55014741717221, 44.38386330782389, 48.51772605765294, 49.12619903702594, 27.359431924313697, 39.95718590338954, 44.53833803328365, 42.79773119184117, 47.91165396953944, 41.511590833052665, 52.73214170676848, 38.62356334275204, -0.7364755786359009, -1.3832702156590684, -2.8093281800791496, -0.4572682994021863, -0.2981272466274032, -1.362240972387874, -1.3483286553333662, -0.9775122737418368, -1.2938874285991455, -0.88972478790767, -0.9075430994770772, -0.377181806030115, -0.458103306099749, -1.2278244734442465, -1.1175447746508171, -0.9201083134851056, -0.5423022949424525, -0.3883687588446549, -0.356022691788729, -0.5552654479995179, -0.4167176182224837, -0.3881549690774478, -1.6756812170174982, -1.0995022013330495, -0.6340581417432937, -0.7572392082440368, -0.2730228816650177, -0.5134776745710251, -0.0406062948790259, -1.3935986003102745, 249.32625925539097, 83.7150772573268, 145.18574694850494, 109.72753844291935, 38.70312833472633, 72.22868953804155, 33.65263970231698, 97.59078122051788, 155.0851096623742, 184.55423074490557, 108.65549166725334, 52.84304831889064, 129.47431815058826, 90.08823243742756, 44.07459125072917, 162.95659534239743, 135.40239745077298, 74.4780658026226, 152.4236715243535, 79.21502548992227, 32.03186122103874, 111.00721186891369, 88.50263855944657, 97.75755127959152, 239.4244891313428, 158.99208995942598, 53.61479998616262, 44.08073493289724, 115.05718962653953, 38.34702964170297, -4.876107841376932, -9.507339139360312, -19.783987453185013, -4.341642847066068, -3.088669513293263, -9.844755887416554, -10.138927732405833, -7.265523614115044, -9.056105965927305, -5.8397763907837295, -6.346777597480074, -3.3682756430696315, -3.152618342339271, -8.64803835940341, -7.04246203554521, -6.14825618356169, -3.975713491120215, -2.9560192225604927, -2.6929451305977428, -4.618513481878209, -3.308846092335473, -2.6994171901958115, -11.409491741976318, -7.506767187442191, -4.300175849993038, -5.119661201214226, -2.044770220716045, -3.407477489974797, -0.3273459690036155, -10.613356319575631]
============================================
turbulence_threshold: 96.08032158358267
======Model training from: 20090000 to 20200106
======SAC Training========
======SAC Validation from: 20200106 to 20200406
SAC Sharpe Ratio: -0.4100597201893019
======TD3 Training========
======TD3 Validation from: 20200106 to 20200406
TD3 Sharpe Ratio: -0.38746153287595025
======TRPO Training========
======TRPO Validation from: 20200106 to 20200406
TRPO Sharpe Ratio: -0.4471106616190398
======Trading from: 20200406 to 20200707
previous_total_asset: 1502607.2205930674
end_total_asset: 1507763.8560930667
total_reward: 5156.635499999393
total_cost: 487.3635
total trades: 77
Sharpe: 0.317854732648011
============Trading Done============
[1507763.8560930667, 373.85, 96.58, 187.91, 129.43, 46.42, 88.57, 54.61, 114.43, 207.36, 249.55, 120.19, 59.54, 142.98, 95.0, 45.23, 188.5, 158.1, 79.58, 210.7, 99.95, 34.51, 121.63, 63.32, 114.57, 302.81, 197.76, 55.24, 43.16, 118.89, 44.39, 0, 0, 0, 0, 0, 0, 0, 0, 0, 0, 0, 0, 0, 0, 0, 0, 0, 0, 0, 0, 0, 0, 0, 0, 0, 0, 0, 0, 0, 0, 64.96981653841408, 49.7429949396449, 52.40865956288524, 54.66034646412234, 53.68714952234799, 48.19209324960977, 57.632554341924575, 50.25131054579844, 53.750095228314194, 55.666731731296544, 48.382897503149735, 49.7164298866372, 49.2156078316329, 47.97223759344898, 46.991724500414186, 51.64728820039085, 52.87726648612874, 51.46895218832787, 63.59424196536498, 54.24888567436577, 48.36477884042922, 54.9915273796733, 44.50284507402884, 52.870182213893536, 54.4509839200748, 55.21242538987319, 48.30696896261138, 49.99472997264133, 46.72349180413721, 47.376851192223256, 0.5358331205841017, -0.1097691984046123, 0.4529505903423625, 0.1463336797947828, 0.0364063070799438, -0.2615380301220179, 0.1861011556674565, -0.1862613266735038, 0.0034298086505509, 0.0702895638531945, -0.1988155375243698, -0.1891478390141334, -0.1949607535666591, -0.2101417522724194, -0.1902562224854977, -0.0978072370991165, 0.0099670071587327, -0.1195464725034104, 0.4108096042027741, 0.0583193675359482, -0.4298990570220159, 0.0953954197419998, -0.1951943125338217, 0.1771319681683955, -0.0318984081868726, 0.048977533865129, -0.1383689615178483, -0.0604380191657672, -0.121946775636325, -0.2587273134578994, 359.5685409934525, 97.06922233680903, 183.5870890660399, 126.33435560253416, 45.942655958023416, 89.52695870936726, 52.93220151492512, 113.77631798638244, 200.69857814991792, 247.74227432335664, 120.47846470521442, 59.4526961249153, 141.6055946991401, 95.70603091858789, 45.24679628086072, 185.8062222719348, 156.49123900054315, 77.67734276430785, 200.7731029591434, 98.4106827469675, 33.59551143754733, 118.83159586939712, 62.98379051136085, 113.82695626613987, 295.5519770046553, 194.10754601564463, 55.12315153276794, 42.259453084808925, 119.65560700550186, 45.17781144487924, 3.613070203625011, 0.4568183048841173, 3.997291653508969, 1.463876348236138, 0.6959630393029833, -0.8820188502591069, 2.1242468641230485, -0.2938309106597531, 0.9155368631332108, 1.125591171159584, -0.769617892818031, -0.7006067637136534, -1.0453755743329591, -0.4693575043462578, -0.8235939286655035, -0.1209482762823381, 0.5826360341196782, -0.6598765178845531, 2.549065662064349, 1.0580165827539123, -2.5830576019928126, 0.5585997705528739, -1.0289179969634972, 1.8264145672322327, 0.1585573382572533, 0.8304026106863319, -0.6286710710083887, -0.259846938548876, -0.7808158171521409, -0.6651184310880459]
Ensemble Strategy took: 3.6081400990486143 minutes

['TD3', 'TRPO', 'SAC', 'SAC', 'SAC', 'TD3', 'TD3', 'TRPO', 'TD3', 'TRPO', 'SAC', 'SAC', 'SAC', 'TD3', 'SAC', 'SAC', 'TD3', 'TD3']