============Start Ensemble Strategy============
============================================
turbulence_threshold: 171.0940715631054
======Model training from:  20090000 to  20151002
======SAC Training========
Training time (SAC):  3.4293858846028646  minutes
======SAC Validation from:  20151002 to  20160104
SAC Sharpe Ratio:  -0.018735945825571663
======TD3 Training========
Training time (TD3):  3.9421089331309003  minutes
======TD3 Validation from:  20151002 to  20160104
TD3 Sharpe Ratio:  0.03352309578340815
======TRPO Training========
Training time (TRPO):  2.305587617556254  minutes
======TRPO Validation from:  20151002 to  20160104
TRPO Sharpe Ratio:  -0.09796601265394127
======Trading from:  20160104 to  20160405
previous_total_asset:1000000
end_total_asset:1058402.5769468353
total_reward:58402.57694683527
total_cost:  1255.791332493249
total trades:  1216
Sharpe:  0.17709785186010846
============Trading Done============
[10.621174257973465, 111.12, 60.62, 126.34, 75.72, 28.14, 93.43, 153.22532253225324, 98.68, 157.77, 134.85, 152.07, 32.0, 108.59, 59.2, 46.89, 127.57, 166.4, 54.4, 55.43, 59.97, 30.72, 83.21, 100.27, 117.56, 129.49, 77.83, 54.42, 86.31, 69.1, 83.16, 700.0, 600.0, 600.0, 0.0, 701.0, 0.0, 700.0, 700.0, 235.0, 931.0, 701.0, 708.0, 0, 700.0, 0, 0, 700.0, 0.0, 0.0, 700.0, 601.0, 0.0, 0, 0, 600.0, 0.0, 600.0, 600.0, 0, 0.0, 100.0, 0.0, 0.0, 20.76849641075622, 0.0, 0.0, 12.006745387245727, 57.05242990650131, 68.17229769271546, 100.0, 58.83013808017908, 0.0, 18.92721095832849, 5.155093235248856, 97.88656888417242, 100.0, 12.6212458585135, 100.0, 88.3574356918939, 0.0, 100.0, 73.95606701348504, 88.32198761109301, 59.61225167791922, 23.923464378773748, 100.0, 69.83229088003624, 83.13228024143669, 100.0, 10.84511739624522, 2.656483729335946, 0.9198815855187803, 1.6259952386008365, 2.0914096950430547, 0.5613319072890732, 1.6767803677479094, 2.3347666891744154, 0.5150528825118812, 1.1795068157334185, 2.461842065165399, 4.483579269081218, 0.4998288159752704, 1.033293821941669, 0.24606304680480662, 0.7529189330315589, 1.9568612866842443, 2.61796424814591, 0.6039687875731801, 0.8031096646516289, 0.1976548531263589, 0.06978447174389402, 0.4091782244867659, 1.7972524698684538, 2.0298790134792455, 2.729131721491896, 1.2423662630094299, 0.846929460517444, 1.469484763301864, 0.6691154552012932, 0.6355663423507849, 172.08728950565987, 43.71447552963834, -84.52478841000605, 63.06489236979818, 23.63080479559344, -93.14951123573425, -16.853883473928185, 51.121345954690725, 113.15543592609319, 159.97110703080477, 144.06886797316466, -13.597602554456452, 68.46208362863038, -40.43040853731929, 124.45109884062526, 181.090649536046, 97.33868665904352, 183.70832649039238, 122.05723355615727, -129.0288611001696, 140.233027260002, 91.55546908589561, 119.87262453831026, 139.49247585571678, 70.94866227640857, 147.63954369338836, 134.72482801751048, 169.47981875158663, 160.7118505679237, -51.67459305343076, 53.89258822358297, 12.802485612102913, 6.005898416902073, 15.521451802644659, 21.108785806860553, 5.0191668846535284, 3.852813124770613, 8.62212181224659, 8.477849981299663, 45.75947534026536, 46.988381416699426, 9.59559970587458, 11.512629714354237, 8.447928828740377, 41.00063305018553, 27.671796127294684, 12.132506736577069, 16.24608425684902, 11.067758821016337, 14.39357436838663, 0.08424732178087237, 17.19158977515822, 31.00241997141902, 35.576583750724495, 32.90928806306376, 34.9208768839089, 31.076531288993092, 41.756221870083436, 13.687211981125289, 2.637747369164835]
============================================
turbulence_threshold:  96.08032158358267
======Model training from:  20090000 to  20160104
======SAC Training========
Training time (SAC):  3.1745445330937705  minutes
======SAC Validation from:  20160104 to  20160405
SAC Sharpe Ratio:  0.00407191473498371
======TD3 Training========
Training time (TD3):  3.902504237492879  minutes
======TD3 Validation from:  20160104 to  20160405
TD3 Sharpe Ratio:  0.16262458189004386
======TRPO Validation from:  20160104 to  20160405
TRPO Sharpe Ratio:  0.08104097548206952
======Trading from:  20160405 to  20160705
previous_total_asset:1058402.5769468353
end_total_asset:1112479.9205516032
total_reward:54077.34360476793
total_cost:  2238.714508715872
total trades:  812
Sharpe:  0.2227183521805438
============Trading Done============
[4.040551602985431, 95.89, 60.69, 129.69, 76.45, 28.8, 104.15, 148.63486348634865, 98.03, 148.25, 129.62, 152.35, 32.75, 121.29, 61.26, 45.12, 120.4, 175.54, 57.94, 51.16, 55.61, 35.57, 84.78, 102.73, 118.85, 140.86, 74.48, 56.23, 83.06, 72.81, 93.84, 0.0, 0.0, 0.0, 2200.0, 0.0, 0.0, 0.0, 0.0, 0.0, 0.0, 0.0, 1610.0, 2176.0, 0.0, 0, 0, 0.0, 0.0, 761.0, 0.0, 0.0, 900.0, 0, 900.0, 1500.0, 0.0, 0.0, 0.0, 902.0, 1369.0, 100.0, 79.07194802253463, 66.48226793071626, 62.67691938379888, 70.4189549960656, 69.0663775289064, 26.208164979706794, 86.00017371121356, 87.2374045061048, 100.0, 68.01124992746512, 60.45607883365168, 99.68148110069848, 66.62991597059536, 87.34167869879033, 82.07781277388642, 84.12003858547003, 86.25889737072092, 82.28121336531404, 100.0, 100.0, 85.20640005550955, 97.31980687726886, 97.17832049407427, 86.82744238851649, 52.363622618043415, 100.0, 44.88789285761124, 77.95143591168822, 100.0, -0.8682323890563879, -1.2003970086929598, -0.6601908281147644, 0.20644219411653353, 0.01431435281808291, 0.6552583944969399, -2.0552037565317676, -0.7036971878444547, -2.6983422509489685, -1.0085552471380481, -0.19304335159384323, 0.25332753882736014, 1.523282406353431, -0.724789648356932, -0.08505371685173913, -1.2907117007350024, 1.2143159343578986, 0.31834966545854115, -0.27286486459357207, -0.4170095403624714, 0.23355321057084666, 0.5243432223834077, 0.0039715755851403856, 0.9578123377246328, 1.5486825919658997, -1.0621460646752752, 1.1498691743498668, 0.7428959880894013, 0.7697787656408508, 0.8775784795803645, 28.590427631425523, -1.5047011051112145, 14.790786445507006, 57.40291262135955, 40.39048865619585, 107.83392087739864, -85.57670881352935, 17.15635774708585, 72.70660358969619, 171.48866122194892, 45.19876332365013, 105.8385461687569, 198.56528004810744, -7.0018838889535395, 74.03842708018641, -23.32009856301745, 153.36297341227996, 143.64208468307382, 103.18677270812815, 109.59398815688128, 169.91258904102847, 164.05761443436262, 131.47963254782573, 193.20208332187008, 161.400404230234, -87.72375895291113, 159.07307387567116, 39.85673705974861, 150.06826088871367, 175.54169786305764, 2.238066342432731, 17.338744098764803, 3.8757392467742657, 5.334095184407691, 6.584738342656866, 10.328381485795623, 37.48343148383503, 4.012817760409234, 3.5884554790829317, 3.1688380683360675, 0.9376486693189011, 14.233958469386332, 9.943094166635188, 12.592537520150076, 2.7089849852185615, 20.703725939650884, 25.81248461875707, 26.005038505296785, 1.7966884444177018, 2.5282693565145173, 25.528034857861055, 19.407778496574597, 12.988354492156141, 29.452214296471446, 30.457753718830098, 31.506348587776294, 64.01741232238962, 20.63366595640189, 12.161197676251525, 18.240456283709936]
============================================
turbulence_threshold:  171.0940715631054

======Model training from:  20090000 to  20160405
======SAC Training========
Training time (SAC):  3.0290008306503298  minutes
======SAC Validation from:  20160405 to  20160705
SAC Sharpe Ratio:  0.08530985702020237
======TD3 Training========
Training time (TD3):  3.978091303507487  minutes
======TD3 Validation from:  20160405 to  20160705
TD3 Sharpe Ratio:  0.07712753841577699
======TRPO Training========
Training time (TRPO):  2.131231665611267  minutes
======TRPO Validation from:  20160405 to  20160705
TRPO Sharpe Ratio:  0.08707220293911956
======Trading from:  20160705 to  20161003
previous_total_asset:1112479.9205516032
end_total_asset:1133032.069066706
total_reward:20552.14851510292
total_cost:  7460.667726064811
total trades:  1677
Sharpe:  0.10384515014367919
============Trading Done============
[26.735965700181623, 113.05, 64.04, 131.74, 88.77, 31.72, 102.92, 155.50555055505552, 92.86, 161.27, 128.68, 158.85, 37.75, 118.13, 66.59, 42.32, 115.36, 176.23, 62.41, 57.6, 52.65, 33.87, 89.75, 101.6, 114.55, 140.0, 82.7, 51.98, 80.62, 72.12, 87.28, 293.7413330078125, 230.0294589996338, 45.0, 2360.7235820293427, 220.05967330932617, 124.14206790924072, 361.31211829185486, 0.0, 314.3681945800781, 217.36170101165771, 129.63124084472656, 1499.9583370685577, 824.3606328964233, 480.32454538345337, 425.99778044223785, 153.15067291259766, 0.0, 163.3567822277546, 885.4076071977615, 164.2885036468506, 105.798583984375, 94.4494400024414, 646.5412321090698, 184.7748110294342, 458.6333763599396, 0.0, 319.3223068714142, 492.0799683332443, 503.5366916656494, 1685.7865025997162, 15.428282996657588, 79.30058960387532, 89.8417233876811, 100.0, 94.10141898776884, 100.0, 20.370627888865886, 100.0, 32.74384371077888, 100.0, 100.0, 63.009663002757, 66.78891536461178, 44.22196007976038, 70.30994513717404, 32.387263422925585, 41.144510094279035, 53.339727116804625, 72.79097136099847, 25.89055510153887, 92.5931883309864, 93.34519911444433, 74.8290181378694, 59.33094270352757, 78.14145433286332, 36.76931318469256, 63.456605617982596, 52.611310859715324, 72.21437774915631, 100.0, 1.7281083721775161, -0.2888315747715353, -0.06455918003442207, 1.1254685288835446, 0.12661195011443027, -0.13139616334866844, -1.0056135632649443, -0.7874055620167155, -1.0296705038551295, -1.515020201427916, -0.42093742484547647, 0.543888649020758, -0.5260224389707986, 0.09022487662318213, -0.3555631395319381, -0.3526529560439684, -0.6102940076941934, 0.10764537169822574, 0.14581838366729016, -1.0027189917557493, -0.32244667886229905, 0.4837147771697232, -1.1869795181943203, -0.7206515002966398, 0.3984644359026106, 0.45313079045615723, -0.24577058796617024, -0.3508413345919621, -0.17246615036606272, -0.5971974348831708, -16.64323491999683, -0.24365835617348758, 82.07743272881328, 198.88752712628585, 133.29693916797916, 193.00372318943965, -102.24709571549445, 55.95660360101121, -122.00053470785973, 86.12797481686701, 141.5798924860721, 86.4257373092811, -51.52641589906253, 19.380706705054322, -23.090525743044825, -65.76006890788096, -34.55830369146264, 3.0900348550074135, 52.47999193277982, -178.59631724852872, -58.058849363198235, 161.6707824907997, -31.438610303333643, -26.395290212287403, 46.382029695535905, 15.971836205300747, 49.357165255563025, -108.91411427765664, -2.476143217593659, 159.42175655832096, 8.914514857890458, 26.62807748091845, 1.9700991015391127, 43.06126113846355, 2.99171425277827, 13.334328426735018, 11.12226157282544, 25.95102056901074, 40.62968627725292, 7.3576346631669844, 36.749998416365834, 26.418581741908266, 24.936817059274563, 18.55640551481702, 31.906512912836288, 20.61307815845085, 18.288510957202334, 1.423106953123545, 2.298010440508887, 41.89359350530368, 47.45840810345652, 5.8145451193141895, 33.53729284860355, 29.808154275815617, 1.878306911888678, 8.580687806201597, 12.3612510798, 21.910626556907324, 10.433783443443875, 6.702335773021771]
============================================
turbulence_threshold:  171.0940715631054
======Model training from:  20090000 to  20160705
======SAC Training========
Training time (SAC):  3.010627865791321  minutes
======SAC Validation from:  20160705 to  20161003
SAC Sharpe Ratio:  0.018162191273660998
======TD3 Training========
Training time (TD3):  3.9179412961006164  minutes
======TD3 Validation from:  20160705 to  20161003
TD3 Sharpe Ratio:  0.0049955609562832085
======TRPO Training========
Training time (TRPO):  2.1345255970954895  minutes
======TRPO Validation from:  20160705 to  20161003
TRPO Sharpe Ratio:  -0.10410419246603367
======Trading from:  20161003 to  20170103
previous_total_asset:1133032.069066706
end_total_asset:1187812.8959952598
total_reward:54780.82692855364
total_cost:  1008.4068601823753
total trades:  1070
Sharpe:  0.27622131579304426
============Trading Done============
[15.95185124632043, 115.82, 74.08, 155.68, 92.74, 30.22, 117.7, 171.6771677167717, 104.22, 239.45, 134.08, 165.99, 36.27, 115.21, 86.29, 41.46, 121.72, 178.57, 58.87, 62.14, 50.83, 32.48, 84.08, 109.62, 122.42, 160.04, 78.02, 53.38, 82.76, 69.12, 90.26, 293.7413330078125, 780.0294589996338, 448.0, 0.0, 0.0, 0.0, 661.3121182918549, 202.0, 0.0, 390.3617010116577, 229.63124084472656, 0.0, 856.3606328964233, 0.0, 0.0, 153.15067291259766, 913.0, 0.0, 0.0, 167.2885036468506, 0.0, 0.0, 0.0, 0.0, 458.6333763599396, 0.0, 0.0, 492.0799683332443, 504.5366916656494, 4025.786502599716, 0.0, 7.529868214137799, 0.0, 0.0, 0.0, 0.0, 0.0, 0.0, 8.706337523012841, 0.0, 0.0, 0.0, 5.732928726429393, 11.348349958922343, 17.62059809401661, 0.0, 26.265416370687518, 0.0, 0.0, 0.0, 22.954469938876247, 1.0550701146523012, 5.075082037602819, 19.69840898773782, 0.0, 11.716313663748386, 34.37219231350833, 0.0, 0.0, 0.0, 1.3596630717307647, 0.9461900210984169, 2.150379217632917, 0.25614634144589843, 0.046675477191943315, 2.1379357804599124, 2.2787874970959194, 1.6835939529607202, 7.7939850614261275, 1.547753390064912, 1.6047941962197, 0.38877026408165705, 0.290543039209723, 2.24623005068122, 0.03624702906511601, 1.1816164702692191, 1.5367212100669292, -0.6297122176456256, 0.7142759615232137, -0.01534865902982574, 0.16063280678345393, 0.04545528771434704, 0.9834643199644688, 2.272731989265438, 2.45028951945244, -0.4045197217407548, 1.0515974994467499, -0.03510624713472055, -0.283508100282603, 0.9020064180095488, -0.09536704129014824, -79.64707156003152, -36.53377710247463, -116.36045494313447, -114.27075698879815, -7.94715216042475, -180.3800082610493, -42.926472925313114, -58.29071707948628, -116.55910012907907, -109.91862766659682, -76.75557907572092, -29.607400084736337, 19.88344584847983, -29.321510015649732, -129.58687226848886, 49.99423547561451, -105.4077194424467, -106.14441713592521, -93.72448730514573, -49.73190348525723, -114.51193073310633, -21.162986018475564, 77.92993064200614, -64.68656086095534, -61.30084786129412, 53.14319176053163, -139.454255507648, -105.04938708291041, -94.47040907419905, 9.578216690683103, 9.279889931409695, 33.744934765270635, 2.3151125150825713, 3.862427079298957, 36.76240861690769, 3.661177723740124, 42.89661577863059, 37.415176054266624, 1.1862792126534882, 12.53191184384193, 8.022747172420694, 7.336524839556158, 33.36237566766484, 5.017443474319289, 9.506456503406316, 19.793408815444618, 29.649450566983486, 9.735357859000214, 7.3795478477256164, 1.4091424316025072, 3.4234467279107483, 8.677070791557098, 49.18031538966163, 11.910280729190061, 16.07991851187865, 29.142446733715715, 10.269923406405452, 29.632663695593763, 20.79818507870273]
============================================
turbulence_threshold:  171.0940715631054
======Model training from:  20090000 to  20161003
======SAC Training========
Training time (SAC):  3.102109130223592  minutes
======SAC Validation from:  20161003 to  20170103
SAC Sharpe Ratio:  0.5919063184790235
======TD3 Training========
Training time (TD3):  3.7479612191518146  minutes
======TD3 Validation from:  20161003 to  20170103
TD3 Sharpe Ratio:  0.46487327728059796
======TRPO Training========
Training time (TRPO):  2.133760182062785  minutes
======TRPO Validation from:  20161003 to  20170103
TRPO Sharpe Ratio:  0.5125512178154115
======Trading from:  20170103 to  20170404
previous_total_asset:1187812.8959952598
end_total_asset:1202656.0453201197
total_reward:14843.149324859958
total_cost:  1221.597997118007
total trades:  1116
Sharpe:  0.08751545939196398
============Trading Done============
[8.713779138776204, 143.7, 78.59, 176.65, 92.27, 33.58, 107.8, 189.19891989198922, 113.2, 228.96, 146.62, 174.5, 36.16, 124.69, 87.52, 42.41, 129.61, 190.72, 63.47, 65.55, 55.56, 34.24, 89.68, 111.93, 120.38, 165.59, 89.36, 49.18, 82.95, 71.83, 82.07, 0.0, 0.0, 148.44023895263672, 0.0, 307.0, 3456.0, 861.3121182918549, 0.0, 318.0, 712.3617010116577, 0.0, 0.0, 1131.3606328964233, 200.0, 0.0, 0.0, 1037.0, 107.0, 100.0, 0.0, 0.0, 0.0, 0.0, 0.0, 258.65153431892395, 0.0, 0.0, 492.0799683332443, 0.0, 0.0, 48.25917996121121, 60.73018646065809, 11.598258758766601, 28.737958312763208, 0.0, 96.86367907499259, 0.0, 58.1065594699404, 38.044536728781026, 0.0, 56.874226649622585, 100.0, 2.6114115519417673, 22.17940244005967, 41.454757337849294, 65.96799093949592, 0.0, 44.393623425673994, 69.59781695160206, 29.387184657522592, 19.03742225174391, 0.0, 4.655558976369237, 0.0, 29.54542068358798, 38.04053460028473, 35.28576236938011, 10.059446545378238, 85.07074187694627, 38.333857163195006, 2.331583922641812, -0.08129774225615449, 0.6719139778817862, -0.6603693491815505, 0.13362560420624447, -1.0949280042997174, 1.2416993360562572, 0.7616417218609826, -4.729233890548045, 0.8141866389863139, -0.9782655118649188, -0.03474045365667422, 0.9528342529148688, -0.5262546495990392, 0.18051767712291422, 0.755624331530413, 1.4803816146194322, -0.3540566604859805, 0.35261783699267824, -0.0779764588720866, 0.17665997343686968, 0.07294690094475698, 0.08316731124136822, -0.1876981259197663, -0.16922399085589745, 0.4615314622374882, -0.17730456034419007, -0.4883305580741819, 0.4614931380882439, -0.11809097042720396, 94.488062399135, -1.1374092128173536, -58.706946720680875, -92.40622140896504, -149.2825614111289, -57.97733664409301, -108.20397603485857, 107.55235560866498, -61.52783855394812, -84.94244303996467, -41.282068631827414, 219.560954007719, -82.3886226498353, -64.7474431329301, 59.921890781765306, 70.47300797023688, -42.999398934951685, -42.76084344884327, 105.2206014766778, -68.0119364798891, -42.39537047743776, -155.32120702344608, -70.16573524012014, -106.96524981449885, -43.90615196305314, -20.859370324889426, -89.09704769883089, -57.47249648987034, 176.13019374749936, 0.2770276107893585, 40.01576642123437, 8.788813162994677, 6.502121781893841, 19.111290988839773, 5.225276906920986, 24.032430620182247, 8.639652527875494, 31.892678816442295, 35.70998900380618, 22.645859774806098, 17.13850589643493, 23.35503256559327, 13.82846032819471, 21.727445730909697, 18.744226743079793, 27.62431730950897, 9.768798986467525, 8.099905284670239, 21.194614447684142, 7.961872706804936, 1.5750512721436527, 3.1760871912718756, 20.15170430261164, 15.838924080864539, 2.948568601827072, 18.63215400109517, 31.498294718933995, 30.92519901019101, 37.47679304328757, 12.792866888756771]
============================================
turbulence_threshold:  96.08032158358267
======Model training from:  20090000 to  20170103
======SAC Training========
Training time (SAC):  3.2113609512646994  minutes
======SAC Validation from:  20170103 to  20170404
SAC Sharpe Ratio:  0.4480608134025892
======TD3 Training========
Training time (TD3):  3.9868866840998334  minutes
======TD3 Validation from:  20170103 to  20170404
TD3 Sharpe Ratio:  0.21063615553408374
======TRPO Training========
Training time (TRPO):  2.1917700370152793  minutes
======TRPO Validation from:  20170103 to  20170404
TRPO Sharpe Ratio:  0.17808377309030943
======Trading from:  20170404 to  20170705
previous_total_asset:1202656.0453201197
end_total_asset:1218453.9551594933
total_reward:15797.909839373548
total_cost:  3034.961472294864
total trades:  1054
Sharpe:  0.10636488686263747
============Trading Done============
[5.07456543401122, 143.5, 85.1, 198.59, 106.97, 31.33, 106.3, 191.83918391839185, 107.46, 227.28, 154.01, 155.58, 33.46, 132.9, 92.75, 44.76, 152.5, 209.83, 64.27, 68.17, 58.65, 33.82, 87.74, 122.08, 127.34, 186.65, 93.35, 45.0, 78.13, 75.36, 82.1, 800.0, 0.0, 0.0, 0.0, 701.0, 701.0, 759.0, 800.0, 0.0, 800.0, 0.0, 803.0, 0.0, 0.0, 0.0, 0.0, 700.0, 700.0, 1029.0, 0.0, 700.0, 0.0, 0.0, 700.0, 700.0, 700.0, 0.0, 700.0, 0.0, 0.0, 66.87544830670937, 100.0, 12.677381801039504, 60.883221705023914, 3.965331558626041, 66.23363810974912, 50.53958210568892, 100.0, 91.07923029078738, 40.82505741338721, 100.0, 34.63909035386452, 9.404284579802116, 100.0, 0.0, 0.0, 19.55129335176517, 29.51721835691074, 0.0, 94.41285035347637, 50.19556054947234, 24.91758522198014, 64.28982890314207, 19.35355297599069, 73.05580074153735, 0.0, 41.777196214947125, 50.39294628976939, 18.729642163044343, 56.56223502787028, -1.7063354833288145, 1.4693739398130816, 3.30266555128037, 0.7905244842351635, -0.1830927303144989, -0.24426661476852018, 0.4350063521075356, -0.47185964980056383, 0.7517850719380306, -0.42714539628701687, 0.02248629379582212, -0.6248406260930182, 1.3952054618694376, 1.447637582619592, 0.065738483441109, 1.549220658520909, 2.0765472505187006, 0.17632437995051475, -0.17962589909802773, 0.7433173443658063, 0.28942252901141785, -0.01271360926203613, 0.5164028581719435, 0.9736391841067586, 2.4897792257712865, 0.12289665903452374, -0.4212318656669254, -1.2506067218038055, -0.5257328699223507, -0.1250085781337873, -68.92503901061488, 156.59366012094836, 11.457653243567462, 79.65050833527002, -122.28432069911669, 21.443940265439544, -10.484459148010034, 189.66195699324535, 119.29392033542953, -18.937192350843677, 76.84051743483298, -95.12856368254265, -79.51702581157598, 169.48673752753132, -129.15705276111547, -19.551744451657452, -75.55145172873766, -27.70375157836843, -136.07293293031486, 219.65396111971816, 31.412352599764525, -113.64363321361127, 92.70885085737467, -57.01629330821845, 101.25106766888541, -125.95485172774086, -74.12686117565947, -15.38492258949109, -40.33348772580023, 4.248222688577557, 27.646795194628147, 67.56269740718216, 26.321987087321226, 14.027085143451457, 25.94139383443592, 13.85812540112099, 2.1790171472685667, 10.580319512587158, 16.328177339670372, 0.22554619988565286, 13.871861105003369, 54.991275810376884, 7.7301605693677, 54.39390987009519, 3.2997529885364743, 13.459453159574567, 1.801503212671597, 11.256869771622464, 28.066856479574458, 47.37405465091243, 23.56912086634841, 10.692527179852723, 19.21088421442018, 21.43786408844403, 33.22959675596956, 4.020636789957957, 12.843456411081322, 1.3950992568630862, 21.10704931950329, 5.74347267774461]
============================================
turbulence_threshold:  171.0940715631054
======Model training from:  20090000 to  20170404
======SAC Training========
Training time (SAC):  3.145401883125305  minutes
======SAC Validation from:  20170404 to  20170705
SAC Sharpe Ratio:  0.31662394838018965
======TD3 Training========
Training time (TD3):  3.984940230846405  minutes
======TD3 Validation from:  20170404 to  20170705
TD3 Sharpe Ratio:  0.38055341374457813
======TRPO Training========
Training time (TRPO):  2.2104814211527506  minutes
======TRPO Validation from:  20170404 to  20170705
TRPO Sharpe Ratio:  0.29395303309962334
======Trading from:  20170705 to  20171003
previous_total_asset:1218453.9551594933
end_total_asset:1284338.3049012995
total_reward:65884.34974180628
total_cost:  2123.036311911191
total trades:  1097
Sharpe:  0.3852445564021784
============Trading Done============
[2.1952223315784067, 153.81, 90.54, 255.99, 124.72, 33.75, 117.43, 211.2811281128113, 99.86, 240.65, 164.02, 146.66, 39.04, 131.22, 96.84, 44.8, 156.96, 212.76, 64.55, 74.61, 51.87, 36.07, 91.77, 117.58, 123.32, 197.44, 105.44, 49.36, 76.6, 78.45, 81.63, 0.0, 0.0, 700.0, 0.0, 0.0, 700.0, 700.0, 0.0, 0.0, 700.0, 0.0, 0.0, 700.0, 0.0, 600.0, 667.0, 600.0, 600.0, 700.0, 600.0, 0.0, 600.0, 0.0, 600.0, 0.0, 0.0, 0.0, 600.0, 700.0, 700.0, 55.57194494760108, 100.0, 53.484158007444506, 53.23639008581317, 75.53732959171059, 29.35544292716968, 54.159919339568305, 100.0, 100.0, 100.0, 87.08259434065012, 100.0, 39.183980240991296, 100.0, 11.435653302473813, 60.17540050400544, 57.048271192408016, 22.26418341576542, 57.539213531210365, 1.8231524885878938, 49.77921460044478, 26.28865213222566, 99.94665762948065, 100.0, 85.98867012721945, 56.59490707353731, 60.999821185901645, 0.0, 16.54866864805076, 47.512234114265894, -1.4910632539939002, 1.2151943150703346, 5.21975066393, 2.449201093584918, 0.5167604278954556, 2.2814791995368466, 3.4216185136467345, -0.7523455901080638, 3.6016051439376326, 2.5918822509912616, 0.513253123840343, 0.7315856248783845, -0.5769471805606088, 1.2255559558902434, -0.22423380841291873, -0.3997063956847171, 1.3650307086167288, 0.23543332650798732, 0.20157484795666392, -0.6917083118398253, 0.5337660045291273, -0.16914919910804826, 0.23104753224197339, -0.25799300367295075, 0.09073514476494893, 0.5052270988681045, 0.5633203353594496, -1.0190660676433083, -0.1484740946180807, 0.8864197372722629, -41.27602645335679, 142.73135180616856, 52.2920039447737, 40.196307079520864, 84.5230520908508, 37.82264142270219, 48.22564855604859, 189.7395354100245, 184.13133696255318, 163.958719237894, 111.71833895671034, 230.2565897804927, -58.45853307199402, 121.46780155135546, -100.28750211398635, -29.005502311095846, 48.331426034273406, -99.92575224697079, 20.028372195249197, -156.05714541627475, 87.73359998730173, -67.0568514653735, 139.5408282748807, 88.27527132914688, 59.88861239483481, 57.01232627498515, 45.88427408272939, -98.95826861344116, -148.44428508824234, 98.19423088322016, 17.90022810664087, 44.320673705177335, 25.24283400314278, 36.12687463189413, 33.33304084008825, 33.91142044391749, 27.453567540430633, 2.1068761442699944, 38.65046834387154, 40.01915259583354, 10.013451188558768, 59.08588845424989, 11.044283347763379, 39.688262495158256, 27.751306334804788, 0.01155738454150268, 11.430681573967941, 19.82368320902413, 13.31873279478278, 39.65531279972511, 44.30702599387135, 5.190198050996456, 24.815879245383858, 1.6757505519317453, 7.3364301562272844, 14.141295146609226, 27.858152807885865, 35.64267353960717, 23.153414989253953, 40.2117770079005]
============================================
turbulence_threshold:  171.0940715631054
======Model training from:  20090000 to  20170705
======SAC Training========
Training time (SAC):  3.101693665981293  minutes
======SAC Validation from:  20170705 to  20171003
SAC Sharpe Ratio:  0.25662738332130935
======TD3 Training========
Training time (TD3):  3.955917282899221  minutes
======TD3 Validation from:  20170705 to  20171003
TD3 Sharpe Ratio:  0.29126328892111847
======TRPO Training========
Training time (TRPO):  2.224958348274231  minutes
======TRPO Validation from:  20170705 to  20171003
TRPO Sharpe Ratio:  0.09200077875247345
======Trading from:  20171003 to  20180103
previous_total_asset:1284338.3049012995
end_total_asset:1426556.4563386803
total_reward:142218.15143738082
total_cost:  1249.9763668549929
total trades:  912
Sharpe:  0.7459394804181971
============Trading Done============
[4.219457806102724, 172.26, 98.94, 296.84, 157.04, 38.86, 127.58, 215.72157215721575, 111.8, 255.67, 188.03, 154.25, 46.85, 139.23, 107.95, 45.54, 173.22, 235.64, 56.22, 85.95, 63.49, 36.44, 90.65, 128.16, 131.98, 221.16, 114.51, 53.53, 74.95, 98.59, 85.03, 0.0, 0.0, 1338.0, 35.00001525878906, 121.0, 0.0, 0.0, 0.0, 40.0, 1213.9460220336914, 0.0, 302.0, 0.0, 0.0, 0.0, 1362.0, 743.0, 200.00843048095703, 702.0, 0.0, 0.0, 601.0, 43.0, 0.0, 0.0, 0.0, 0.0, 0.0, 0.0, 2634.0, 38.70813403259238, 13.89306890732216, 25.02851944785005, 58.609124470457274, 52.844247608254506, 97.23820968066778, 85.02278848015459, 71.86102185293402, 8.374000545010391, 10.37218952120776, 52.64333929843785, 69.38413810758237, 0.0, 39.95739230699445, 30.948878501909828, 50.962053577413414, 20.713613656596447, 10.65603144197757, 31.946649766536574, 17.982643254720127, 23.638761909057855, 0.0, 68.9983773101682, 0.0, 18.982194112195934, 100.0, 31.40717188236665, 100.0, 0.0, 100.0, 0.38697729017030724, 0.9110957236216422, 6.806855912703895, 5.092834481563187, 0.6382865661504056, 2.2532654812300166, 0.5555571480196875, 1.384341816198969, 3.309007851041173, 4.144541514263267, 0.2476397991792112, 0.679942504382808, 0.08887547694678233, 1.5793601821423238, -0.06231932028566689, 0.8186342340021895, 0.5737871657358369, -0.005603014434143461, 0.7560622168522428, 1.2024263928127823, 0.14313502354261232, 0.5707538139992607, 2.181598826857595, 0.4106299624596943, 1.4909047970147355, 0.856980221329195, 1.1908939938205947, 0.753118849616456, 1.2913957185993468, 0.48884544984495903, -56.54977328507848, 6.2361171340857044, 61.819657989545284, 80.82764545352732, 99.83734878519925, 103.51281107820977, 89.14062500000001, 66.70254974234659, -71.9535138408665, 55.126672575181196, 45.528214668244644, 56.03046213518779, -141.73712347912368, 86.37069784586578, -69.79596151813055, 46.55273172758713, -87.61904761904796, -41.4168219087785, 53.16866936916397, -29.76837959489825, -41.06293084278365, -77.57960090375835, 85.50208857853863, -112.08507344021997, -51.88053097345216, 127.66480939741122, 77.92363390112853, 183.61459420264225, 54.873589724301816, 147.88525052821066, 2.0551393325239182, 8.992134948810884, 43.34285712028227, 60.495336986746096, 41.59850964144744, 58.75769943160435, 8.162204755915702, 42.32965628992287, 17.36785467256717, 41.704670936761005, 16.35012197112178, 28.75278761889434, 4.963709334269185, 26.804401284091757, 9.456515086529228, 20.72023508166383, 4.958885579997589, 1.8591910511671952, 18.404984559378214, 0.9956581718485045, 2.5685420745674716, 3.6531795776272844, 61.04818977915776, 16.24684160978409, 35.75641456704126, 10.690615004360868, 42.83385627736969, 37.68395986872525, 38.71327147520612, 38.74534415387917]
============================================
turbulence_threshold:  96.08032158358267
======Model training from:  20090000 to  20171003
======SAC Training========
Training time (SAC):  3.2382892330487567  minutes
======SAC Validation from:  20171003 to  20180103
SAC Sharpe Ratio:  0.6355739915221373
======TD3 Training========
Training time (TD3):  3.8073290824890136  minutes
======TD3 Validation from:  20171003 to  20180103
TD3 Sharpe Ratio:  0.5381775309907837
======TRPO Training========
Training time (TRPO):  2.231614085038503  minutes
======TRPO Validation from:  20171003 to  20180103
TRPO Sharpe Ratio:  0.3684938852537909
======Trading from:  20180103 to  20180405
previous_total_asset:1426556.4563386803
end_total_asset:1459966.0624202092
total_reward:33409.60608152882
total_cost:  1678.5806199999997
total trades:  216
Sharpe:  0.13445447554220177
============Trading Done============
[2.242420209168685, 171.61, 93.58, 327.44, 145.18, 41.2, 114.48, 191.0891089108911, 100.95, 252.62, 177.44, 154.12, 49.99, 130.41, 110.99, 44.24, 161.73, 217.56, 54.54, 92.33, 68.42, 36.13, 79.05, 125.77, 138.63, 228.79, 119.81, 47.93, 65.51, 87.22, 74.87, 0.0, 900.0, 962.0, 0.0, 1000.0, 1000.0, 0.0, 0.0, 0.0, 1000.0, 1000.0, 1000.0, 1000.0, 0.0, 1000.0, 0, 0, 1001.0, 0, 1000.0, 0.0, 0, 0.0, 1000.0, 0.0, 0.0, 0.0, 0.0, 1000.0, 0.0, 66.72171161464445, 100.0, 83.03041921953235, 30.945902052819225, 5.83687805727081, 57.18930097347105, 95.06211773754134, 100.0, 59.83571531642361, 100.0, 65.32502889878636, 23.013242875748418, 90.5818642194819, 78.52222229878551, 100.0, 100.0, 47.145963839968786, 82.31788374528044, 81.71044507380911, 100.0, 87.77794143736976, 99.80012331804888, 100.0, 75.50419784465532, 100.0, 50.349867454159856, 100.0, 81.5822748009645, 81.21692921832975, 95.61182450274507, -1.4400051345925533, -1.124504215040318, -4.8654920870408205, -2.8725409456309023, -0.5032527969405223, -0.5129659463010512, -6.406200428607633, -1.4706966022040007, -3.6113453222383782, -2.3981511301448393, -1.4264949100291062, 0.4285023455675656, -1.3006132874433831, -1.4313349445977366, -0.2622901930122552, -0.2952213145998144, -5.562540534586901, -0.3917787881182875, -0.6239497796334348, 0.07624765328417027, -0.18062185936635444, -0.8143025939500035, -1.6407058507766976, -0.7737385518021824, -1.5939545662988621, -0.7803612782856959, -0.4970403229220892, -1.509186088186766, -1.7951901462610067, -0.8276700968225299, -34.738558716834596, -17.2749269413904, -81.17489447517856, -108.75665014559243, -124.60632239546005, -38.88023268723903, -72.2521269375824, -37.6273335751104, -54.00609082701819, -44.34871097701788, -46.911561815377155, -106.96979574098229, 8.886001847010524, -37.77639283538787, 141.60652424942327, 82.05817498177038, -69.20743008028461, -28.521126760563167, -18.206063114989135, 192.55628950919862, 15.040416317525006, 52.93831266103247, -76.0249513656844, -50.710510455348725, 68.0873253386679, -49.96267928231691, -4.91185570308722, -87.89365294838244, -59.831849192660584, 53.18994465413806, 4.629059431853177, 13.076044414766253, 36.81604914417653, 39.14076919038391, 39.55183743629553, 17.740196337456368, 38.10967318719161, 13.927200669230597, 31.50376056613455, 25.21376063662535, 13.288862324372355, 7.401031574792634, 19.020532551100146, 23.184601022562433, 0.4981527197949169, 16.319399418841346, 39.406439426342246, 17.546924892980783, 3.146077242247838, 6.243293011340866, 12.809170566503711, 11.942796171003089, 31.21028358196692, 25.539919170523245, 10.353710374043725, 22.511131074308206, 20.351170970869582, 25.70028725603637, 29.175120674631145, 13.329078432540836]
============================================
turbulence_threshold:  96.08032158358267
======Model training from:  20090000 to  20180103
======SAC Training========
Training time (SAC):  3.0814098636309306  minutes
======SAC Validation from:  20180103 to  20180405
SAC Sharpe Ratio:  -0.06046653888630438
======TD3 Training========
Training time (TD3):  3.8588592688242596  minutes
======TD3 Validation from:  20180103 to  20180405
TD3 Sharpe Ratio:  -0.009501837368389056
======TRPO Training========
Training time (TRPO):  2.205189867814382  minutes
======TRPO Validation from:  20180103 to  20180405
TRPO Sharpe Ratio:  0.0064479793277032365
======Trading from:  20180405 to  20180705
previous_total_asset:1459966.0624202092
end_total_asset:1454233.490949911
total_reward:-5732.571470298106
total_cost:  7106.718631523879
total trades:  1145
Sharpe:  -0.023476659236106364
============Trading Done============
[1454233.490949911, 183.92, 97.84, 332.93, 133.83, 42.67, 124.73, 195.4695469546955, 104.04, 220.38, 193.62, 139.57, 49.47, 122.71, 103.61, 43.99, 156.48, 195.83, 60.71, 99.05, 76.28, 36.35, 77.9, 124.92, 122.77, 246.98, 131.45, 50.7, 60.76, 84.44, 82.24, 0, 0, 0, 0, 0, 0, 0, 0, 0, 0, 0, 0, 0, 0, 0, 0, 0, 0, 0, 0, 0, 0, 0, 0, 0, 0, 0, 0, 0.0, 0, 32.54285333791598, 66.79937992549696, 21.487725872791028, 11.397263287339696, 29.126981302058493, 60.63724601874137, 10.631175024911252, 0.0, 42.297323064180254, 0.0, 47.18222665204335, 25.984380469129153, 100.0, 48.59832269105817, 78.99189899221835, 3.3703939899321425, 24.89669096716135, 39.56718102218231, 34.957836344546664, 53.324620609734986, 41.66434908544887, 75.8018906195444, 43.981952214506684, 40.46762651709285, 17.42802529206638, 10.645140943873798, 88.26999996447458, 15.888824624247222, 30.082629627840525, 80.03643629009117, -0.4990726464598936, -0.4712938995710516, -5.645842936648819, -4.956875496675735, -0.32981999606255386, -0.09888836966048586, -1.1483067135785916, 0.514009484632993, -3.868477827800376, 1.130668051070188, -1.5283260308751494, -1.3709356697409518, -0.3766871392753046, -1.6034950894590736, 0.1623179003016375, -1.6864296756013175, -1.959789370018342, 0.12933545197896024, 0.059303136820190616, 1.0874900807039154, 0.07958040778625985, 0.8692662200960939, -0.23547263556770304, -2.1951825842844954, 0.744780727592115, 0.191273425695897, 0.5710608611421435, -0.6434015984340178, 0.1821882155951613, 0.3216342637616947, -41.11861912089437, 32.867822800287804, -50.748882515772614, -78.5103677666859, -50.65123010130189, 13.963600502061562, -69.01689275576132, -73.91259623020945, -71.39663953459821, -104.03594391509885, -47.22363870449318, -61.182349418736734, 79.85402443544162, -77.70628459988953, 166.21502362040843, -90.31948124331952, -37.71282877327808, -24.234412866269906, -25.489043082832683, 79.46266453644725, 61.99880311191596, 83.03079924743942, 18.178147881721138, -47.88735695943431, -76.98718110444584, -74.56728062086263, 111.2575902380169, -95.43316725660033, -11.076789681893663, 119.52960376921028, 3.047917671472153, 2.847318172027731, 24.516693812748546, 37.073034807403616, 20.919265378844056, 3.665083686124434, 4.996741788551808, 16.205351358193436, 21.290924609446712, 13.139861880672191, 32.31377686371383, 25.58782570514187, 6.70240226083747, 20.194586138242183, 25.18606310174192, 25.870219146922217, 1.738958401425384, 10.13636051160177, 17.766249938510338, 27.526085725704014, 0.06208941182550353, 37.34091796130476, 2.7908129708002165, 30.816308396095526, 11.161475883087265, 20.628377103988644, 30.515325569214045, 21.3511246002015, 5.055390394569461, 12.69313374293767]
============================================
turbulence_threshold:  96.08032158358267
======Model training from:  20090000 to  20180405
======SAC Training========
Training time (SAC):  3.1771968166033426  minutes
======SAC Validation from:  20180405 to  20180705
SAC Sharpe Ratio:  0.11879940827548455
======TD3 Training========
Training time (TD3):  4.059275285402934  minutes
======TD3 Validation from:  20180405 to  20180705
TD3 Sharpe Ratio:  0.009477262282694797
======TRPO Training========
Training time (TRPO):  2.2902368863423663  minutes
======TRPO Validation from:  20180405 to  20180705
TRPO Sharpe Ratio:  -0.06652469411766371
======Trading from:  20180705 to  20181003
previous_total_asset:1454233.490949911
end_total_asset:1485058.540199911
total_reward:30825.049249999924
total_cost:  5963.610839999998
total trades:  701
Sharpe:  0.25212293117524825
============Trading Done============
[1485058.540199911, 229.28, 108.39, 386.37, 154.82, 49.01, 124.74, 194.47944794479446, 117.66, 226.07, 204.75, 153.75, 48.1, 140.48, 113.97, 46.51, 165.18, 215.71, 71.75, 115.15, 82.77, 44.22, 84.36, 141.45, 129.51, 270.63, 149.67, 54.42, 73.49, 95.15, 86.46, 0, 0, 0, 0, 0.0, 0, 0, 0, 0, 0, 0, 0, 0, 0, 0, 0, 0, 0, 0, 0, 0, 0, 0, 0, 0, 0.0, 0, 0, 0, 0, 99.6981088820447, 32.24578758715073, 100.0, 46.26763421311371, 100.0, 100.0, 13.264191290594715, 98.68009076647883, 19.060152935394285, 0.0, 100.0, 100.0, 34.21450970934737, 20.00109554333304, 79.1481914091842, 72.36776480201235, 73.79132678999676, 76.80780893245763, 73.60044916088093, 0.0, 49.20190379349054, 40.88920733736398, 56.405156213483956, 10.773002382824089, 100.0, 37.45948763119685, 68.03028937096587, 35.99443802603684, 66.3877708519788, 57.34536283007019, 2.927685646110916, 0.8001119445778784, 7.655768935388494, 3.519709491100457, 0.7826971486371548, 1.1836002808497739, -2.942690469853744, 1.3971005357837498, -2.0511894226151526, 1.1662828942989734, 1.711896638039093, -0.2394082520320211, 1.3322745214555312, -0.06503615804095375, 0.13840011744176195, 1.3832838089322195, 1.430021691576087, 0.8751376739689789, 1.57260602432018, 0.8256842546651342, 0.7568796278789591, 0.3385472477261402, 1.9441785612859803, -0.06225016825086982, 1.290041803148256, 1.8685593993869816, 0.0198530135582331, 1.2681916542575493, 0.18928310889364752, 1.3909450315634615, 131.70522670455077, -76.03872876498731, 209.8407938072279, 50.1613680498259, 96.77720691265776, 116.65828556103085, -114.75667369225937, 105.68398878147718, -99.18830572593383, -146.36178706782454, 130.82284517127644, 202.3181857201938, 23.288068567718863, -65.86340307330603, 93.58687223354306, 57.628920172606314, 86.91485516748904, 169.44593867670912, 106.8490697443028, -107.58837012908835, 91.37565206832807, 14.350561439833882, 82.35625863576074, -71.08071329479587, 169.89925515178476, 60.528862650874174, 23.669582124310793, 69.87431096127716, -17.723852288118206, 77.22079251285506, 31.11780295458036, 5.062027568865322, 47.14874674175747, 29.195663578780888, 46.36866619561669, 30.505768869125937, 32.01990370177006, 46.8946300989255, 30.63934631309105, 0.8489551248201617, 39.60394455701355, 24.459300533498652, 26.55059449623031, 13.597601502858225, 16.615180437557697, 15.668390658294257, 13.708878828346124, 46.85133652446582, 16.43283328937333, 8.39727280023592, 66.63823917062763, 13.94142776806582, 32.97515905287412, 10.06210107271737, 25.28834219425419, 11.1742338725347, 9.835656098009846, 41.301624410094846, 16.570863233579097, 34.00275003175901]
============================================
turbulence_threshold:  96.08032158358267
======Model training from:  20090000 to  20180705
======SAC Training========
Training time (SAC):  3.130446398258209  minutes
======SAC Validation from:  20180705 to  20181003
SAC Sharpe Ratio:  0.22966643677377804
======TD3 Training========
Training time (TD3):  3.829608654975891  minutes
======TD3 Validation from:  20180705 to  20181003
TD3 Sharpe Ratio:  0.08311006174506992
======TRPO Training========
Training time (TRPO):  2.2226370096206667  minutes
======TRPO Validation from:  20180705 to  20181003
TRPO Sharpe Ratio:  0.09620801353010913
======Trading from:  20181003 to  20190104
previous_total_asset:1485058.540199911
end_total_asset:1502784.5921999107
total_reward:17726.051999999676
total_cost:  1367.733
total trades:  144
Sharpe:  0.26677904206223224
============Trading Done============
[1502784.5921999107, 142.19, 93.43, 310.9, 121.51, 41.07, 108.57, 157.54575457545755, 106.33, 169.51, 168.61, 112.91, 44.49, 125.72, 97.11, 46.64, 174.9, 183.76, 74.04, 97.4, 72.75, 42.04, 90.64, 103.48, 115.26, 236.85, 128.13, 56.22, 67.33, 92.86, 68.62, 0, 0, 0, 0, 0.0, 0, 0, 0, 0, 0, 0, 0, 0, 0, 0, 0, 0, 0, 0, 0, 0, 0, 0, 0, 0, 0, 0, 0, 0, 0, 32.59121291946779, 51.87681334184185, 62.95637222488203, 50.93267441463792, 31.91676298747327, 84.31665363830678, 71.29495826639196, 75.026920592309, 90.86965595826626, 76.81101057414374, 78.35389194190422, 31.130823770736487, 26.755741767258158, 80.11791548065449, 38.732299066389025, 42.38955416586787, 44.92356305969181, 41.54425781542509, 40.15164702074404, 82.56453129382624, 57.92925061890607, 35.079001961271814, 66.40082349270632, 62.85534028873828, 35.48188050040187, 66.9915630535109, 100.0, 29.291622944884725, 94.51187169848417, 68.49348967992353, -9.064049921260846, -3.559250840472245, -5.979161914072392, -0.9564794801625993, -1.1330701750182754, -2.1222287672582922, -2.8872350502834934, -1.871832344508121, -7.916491089305481, -1.9766835825651583, -2.5921481033478955, -0.4305411490795521, -4.414995841187789, -2.654851954228832, -0.536083706521822, -1.8784740483668259, -3.463292717700682, -0.2130213134432637, -2.198433212761387, -0.3102770607636529, -0.37101340759492274, -0.2623451974830573, -5.167564310260701, -2.486210475041858, -7.363392708402898, -2.2726421733772213, -0.6330893230868639, -3.622807559908466, -1.156523587754421, -2.7085764041975295, -169.03101725863058, -50.258894840192916, -29.29494100796449, -49.081959516197266, -89.75354717234899, 9.231438326474164, 40.16127803465906, -27.665901633520377, 39.34890196437083, 21.313320168776677, -25.14256341059847, -86.14147789173111, -57.27554806468154, 2.9615120684455363, -73.35432872503254, -41.02232831738555, -77.76621586589484, -9.737712458203001, -81.81920536173023, 27.96342025176839, -21.821577147861806, -31.952408186808444, -65.23744691067068, -85.87571073240842, -78.40528328085898, -39.73458283703115, 66.50190825037755, -58.06036222133186, 97.78561832776302, -31.436011319750364, 55.24707114605986, 28.493751649281172, 17.400937356910713, 6.587973206564407, 37.88393340299531, 12.414252600069398, 5.781049450308988, 21.693662622559152, 15.405654451437991, 4.6094477436199925, 19.75052525397653, 20.93599410318142, 43.02234193588849, 16.14485721772698, 15.444915764156047, 23.4975008229892, 26.92671224935011, 14.166455094607667, 26.94198354642178, 18.22342301093185, 20.636311939068058, 7.064611964730407, 46.2792006571122, 45.350108068758985, 35.7583482407857, 15.966487088294851, 4.889338415396724, 59.93450259260269, 1.1453910376392886, 28.962889006856933]
============================================
turbulence_threshold:  171.0940715631054
 ======Model training from:  20090000 to  20181003
======SAC Training========
Training time (SAC):  3.0638485034306844  minutes
======SAC Validation from:  20181003 to  20190104
SAC Sharpe Ratio:  -0.4256697182544457
======TD3 Training========
Training time (TD3):  3.9536911050478616  minutes
======TD3 Validation from:  20181003 to  20190104
TD3 Sharpe Ratio:  -0.4014375637600076
======TRPO Training========
Training time (TRPO):  2.2347962498664855  minutes
======TRPO Validation from:  20181003 to  20190104
TRPO Sharpe Ratio:  -0.41891218766540383
======Trading from:  20190104 to  20190405
previous_total_asset:1502784.5921999107
end_total_asset:1603320.746995615
total_reward:100536.15479570441
total_cost:  1501.2800763606358
total trades:  1326
Sharpe:  0.27568981073169485
============Trading Done============
[1603320.746995615, 195.69, 110.12, 395.86, 140.13, 55.14, 124.8, 113.35133513351336, 114.75, 202.23, 200.45, 142.78, 55.92, 135.57, 105.56, 46.48, 189.87, 215.03, 81.85, 119.36, 85.28, 42.74, 103.43, 132.7, 136.52, 247.39, 157.64, 58.99, 54.15, 98.11, 82.05, 0, 0, 0.0, 0, 0, 0, 0, 0, 0, 0, 0, 0, 0, 0, 0, 0, 0, 0.0, 0, 0, 0, 0, 0, 0, 0, 0, 0, 0, 0, 0, 55.652371211556115, 11.106099977825663, 100.0, 94.73182573368443, 54.23899132110782, 30.929575649926743, 10.689402662048828, 100.0, 92.97236961975791, 100.0, 64.81035641753388, 100.0, 0.0, 78.43579438976761, 62.38943576183548, 81.74820837665877, 100.0, 0.0, 27.62511137702396, 47.31241313051784, 78.05237089695856, 33.18888551048408, 77.2944973744744, 55.43528207778806, 56.13047092295786, 42.66059703732709, 14.281781490661738, 0.0, 48.272786971898384, 55.1593888835871, 5.135007322075296, 0.7071587305444353, -3.233337029649988, 1.2516711950241586, 1.2713216075020952, 0.9662846741124582, -10.169329859809608, -0.03400594216343222, 0.6993127075306234, 3.371468888644955, 1.6898252425261546, 0.7713960687103025, 0.3244204248879896, 0.05113350161829544, 0.09277484583856932, 2.084687157950384, 2.103531282865646, 0.8147985991288209, 2.2183279953681705, 0.019940901879508033, 0.15011533812677413, 1.311323946172564, 1.9675295425125938, 1.7875929770964376, -2.1918585185152324, 2.8605188243542443, 0.6905495643593014, -2.6006030546290404, -0.1414932290723243, 0.8662046012718037, 120.22650266883348, -35.927163561336805, 136.63875807337072, 123.21359598300484, 120.21353601158242, 8.805734390947542, -151.38702007993857, 146.40055702255606, 111.5360010949545, 172.56584291059463, 115.5814311147402, 178.2113821138209, -166.1656351311516, 57.619223745711, 27.17587746608035, 103.03973754261926, 159.76842921052463, -62.6434802895101, 97.45636702305202, 1.744486763529982, 85.87725071297291, 52.22508554940812, 118.44936823310005, 48.12759311195931, -8.407289625796126, 107.94004295741654, -3.3259765314963214, -171.85852041504356, -30.054043234587603, 111.07972814505612, 45.00061399887565, 10.96306479915255, 1.8453163814991898, 23.904342736550394, 48.61258383185069, 17.99250647231882, 60.5535045840083, 23.246333022633507, 27.864401003601813, 53.6903698887786, 35.01895820466663, 35.56457432560139, 15.238876964195061, 11.290295677636122, 2.1415558341112884, 29.129180661881083, 29.180543775308266, 1.3129800776926206, 36.47012364375591, 8.682560824967062, 7.270550130006348, 15.167687886965009, 39.25135236306038, 20.062598175369793, 6.094274987071437, 29.464148676855284, 8.328260713444163, 54.184705224399934, 2.8186730240922766, 22.222486449676857]
============================================
turbulence_threshold:  96.08032158358267
======Model training from:  20090000 to  20190104
======SAC Training========
Training time (SAC):  3.18670969804128  minutes
======SAC Validation from:  20190104 to  20190405
SAC Sharpe Ratio:  0.1323518192942467
======TD3 Training========
Training time (TD3):  3.817370065053304  minutes
======TD3 Validation from:  20190104 to  20190405
TD3 Sharpe Ratio:  0.013093124019627063
======TRPO Training========
Training time (TRPO):  2.2565850178400675  minutes
======TRPO Validation from:  20190104 to  20190405
TRPO Sharpe Ratio:  -0.059770776427173544
======Trading from:  20190405 to  20190708
previous_total_asset:1603320.746995615
end_total_asset:1608201.491995615
total_reward:4880.744999999879
total_cost:  1311.084
total trades:  104
Sharpe:  0.1673445139385567
============Trading Done============
[475911.49199561507, 204.23, 125.4, 355.86, 135.49, 56.6, 123.54, 73.74, 142.45, 207.9, 211.46, 141.38, 48.08, 140.57, 113.49, 52.11, 211.24, 172.0, 85.6, 137.06, 86.82, 43.92, 113.15, 132.54, 154.09, 246.99, 176.66, 58.31, 55.19, 111.98, 76.13, 0, 0, 600.0, 600.0, 0, 0, 0, 0, 600.0, 0, 0, 600.0, 600.0, 0, 600.0, 600.0, 0, 600.0, 0, 0, 0, 600.0, 0, 0, 600.0, 600.0, 600.0, 600.0, 0, 0, 95.832611220247, 55.35655667612103, 7.663110362728147, 70.38782347112324, 63.253378021817994, 18.00154659740328, 65.99467345253571, 60.34539369281092, 100.0, 47.936716567974756, 94.56961038316165, 69.73992830256114, 18.23059666874198, 88.47248739226761, 83.40545948566377, 62.547060699351455, 54.35589262261564, 31.188785976432786, 47.25643573759842, 100.0, 42.06260601604853, 67.90008253991272, 93.37670822556137, 71.57240336098084, 43.57061069134945, 92.50461572185007, 100.0, 100.0, 40.04765984676364, 15.612465716318699, 3.5510034458702933, 1.6726219860255753, 0.4266880741938621, 2.373122133625543, 0.3093636432544926, 1.0215564164669786, -3.628651795720046, 1.952965690952709, 3.2976320562218007, 3.6439944489443974, 1.6013369679232028, 0.378734556082037, 0.7766437080896367, 0.7776684112555472, 0.5548507231333204, 2.690263875459607, 0.3228443217218171, 1.2540877897403107, 2.3106213779384746, 0.7262663337740918, 0.5151268942608169, 1.3901322955144195, 0.36995166751461284, 1.6480954377624357, 0.6382158976111327, 2.846873761319813, 0.11401490208196918, 0.6571037571550775, 2.0100920255250116, 0.26975809228407854, 140.83332068171438, 75.67794576433869, -91.42681119456408, 32.07841228003961, 21.703288767033506, -30.54958101096961, -110.48628090192915, 106.29285626518727, 112.4447704201752, 98.96566165466888, 118.24099533240498, 43.63639555192849, -11.792051948668707, 109.46552334877298, 77.19643003357012, 164.2372053843192, -33.130971763257364, 103.55349754929445, 63.20126734603835, 121.88348619900681, 82.94701659757231, 130.79953908486033, 104.61790950368555, 116.42822643667122, -0.3339746135796167, 121.86170493534043, 118.27197223255226, 101.3772826574611, 106.89602041035664, -31.206962178623552, 22.71277671020747, 34.08894210007593, 10.595090311455264, 27.774084282868877, 5.179528340865323, 15.255933654166698, 46.25333960193292, 27.818409592074932, 33.78271646004378, 39.13790449606171, 26.1927910465161, 12.890820365479236, 9.267696670559118, 25.288049041362214, 6.371490227929093, 51.5406748414994, 10.339951920211861, 30.969020042315336, 21.829413791239457, 24.731685499225275, 17.937536859180955, 44.22220043409086, 1.828917795046907, 26.42714756015982, 4.085282102094287, 16.275312185036448, 8.501977195966566, 36.48069066615494, 42.216204161151786, 7.830528156023324]
============================================
turbulence_threshold:  96.08032158358267
======Model training from:  20090000 to  20190405
======SAC Training========
Training time (SAC):  3.1669721007347107  minutes
======SAC Validation from:  20190405 to  20190708
SAC Sharpe Ratio:  0.3598362149144627
======TD3 Training========
Training time (TD3):  3.8595984180768332  minutes
======TD3 Validation from:  20190405 to  20190708
TD3 Sharpe Ratio:  0.28268472117505783
======TRPO Training========
Training time (TRPO):  3.5820568323135378  minutes
======TRPO Validation from:  20190405 to  20190708
TRPO Sharpe Ratio:  0.2641937109433238
======Trading from:  20190708 to  20191004
previous_total_asset:1608201.491995615
end_total_asset:1618259.0009956155
total_reward:10057.509000000544
total_cost:  2951.999
total trades:  320
Sharpe:  0.11495953545852054
============Trading Done============
[1618259.0009956155, 220.82, 112.55, 372.07, 120.04, 47.06, 113.15, 68.12, 128.15, 197.24, 226.81, 142.02, 50.03, 131.19, 112.19, 53.84, 210.03, 155.23, 82.74, 136.28, 92.22, 35.45, 121.74, 131.21, 141.73, 215.36, 172.87, 59.01, 52.6, 116.31, 67.98, 0, 0, 0, 0, 0, 0, 0, 0, 0, 0, 0, 0, 0, 0, 0, 0, 0, 0, 0, 0, 0, 0, 0, 0, 0, 0, 0, 0, 0, 0, 21.790936221319637, 0.0, 18.630716645775006, 0.7970664330551726, 21.546609247245154, 8.986326984612313, 18.993479935220243, 0.0, 0.0, 15.026302723846133, 7.425495798028173, 18.21663651651409, 74.90242419264929, 0.0, 51.05937709317004, 52.745941330604055, 0.0, 43.192136557332745, 25.44437307145345, 51.31911179462353, 52.791346941876036, 16.496325962044303, 8.96566591327383, 0.0, 9.930593131599998, 78.04868024779779, 5.165874699119599, 0.0, 5.961558228673139, 15.658469332284335, 2.8727400298087105, -1.5250217284519607, 4.575556788933284, -0.4518700965715823, -0.5553698773237201, -1.196285927786363, -0.17456631442107096, -2.1505707921409396, -1.6264164464392934, 1.7606789764159316, 1.0745455858957484, 0.35307675416731854, 0.08728930629555975, 0.6730270761944439, -0.059649370241857014, -1.3424645706828642, -1.6819835693059417, -0.4317497949027711, -0.07281690518377104, 1.9632262392892272, -0.35378262338843314, 0.8823112999633906, 0.49246485237753745, -0.8914489952213387, -5.506704447777452, -1.6048038910545301, 0.45288440610931957, 0.18699989610063739, 1.0333287083145564, -0.5454410464357977, -68.18433422849424, -265.0399673962603, -167.50159628853882, -179.4893424550655, -206.9321661942091, -165.8592365897453, -167.2848477801687, -122.25038339915493, -187.25143012803045, -113.00744929477227, -108.74731065234268, -153.09510244975613, 51.24342354263598, -251.43235397326765, -182.8249702851942, -74.12865439430884, -212.09334769026324, -84.80476212544863, -140.8908870141622, 53.37860189779711, -143.9240135347558, -50.51813570093945, -213.52839955258577, -260.83578794506474, -90.85198067147549, -152.52959332390682, -183.15462724512827, -234.37897017854854, -111.89707080815748, -183.74038637084078, 4.717598413099551, 41.759763536269375, 4.599911994621185, 33.13818705775388, 46.7277671664003, 44.216894041055546, 16.697212820125394, 27.778175691733527, 41.95918851644795, 5.273306786685155, 4.354581573238991, 10.439243963068352, 7.532125652160106, 21.918497178504005, 27.978303316612703, 16.57885564189001, 44.624316792516645, 24.697586248554217, 15.666197991008726, 35.636080168179134, 31.27175592639, 12.294674211723555, 26.720578066467194, 29.396358665806606, 64.21658418650219, 39.04987921033622, 15.95317061829139, 10.601756048272938, 2.9218678672316654, 32.98540339156551]
============================================
turbulence_threshold:  96.08032158358267
======Model training from:  20090000 to  20190708
======SAC Training========
Training time (SAC):  6.865420599778493  minutes
======SAC Validation from:  20190708 to  20191004
SAC Sharpe Ratio:  -0.11219609488165419
======TD3 Training========
Training time (TD3):  32.00812353293101  minutes
======TD3 Validation from:  20190708 to  20191004
TD3 Sharpe Ratio:  -0.028780908294553858
======TRPO Training========
Training time (TRPO):  2.349053970972697  minutes
======TRPO Validation from:  20190708 to  20191004
TRPO Sharpe Ratio:  -0.15587987991060928
======Trading from:  20191004 to  20200106
previous_total_asset:1618259.0009956155
end_total_asset:1617854.856995615
total_reward:-404.1440000005532
total_cost:  469.8039999999999
total trades:  68
Sharpe:  -0.062140356332255495
============Trading Done============
[1617854.856995615, 297.43, 124.6, 332.76, 148.44, 47.63, 121.01, 62.16, 146.5, 231.58, 218.93, 134.34, 60.1, 144.28, 138.34, 54.69, 200.08, 178.45, 91.25, 158.62, 101.92, 38.93, 122.58, 153.35, 137.02, 289.54, 189.6, 60.4, 59.08, 117.89, 70.33, 0, 0, 0, 0, 0, 0, 0, 0, 0, 0, 0, 0, 0, 0, 0, 0, 0, 0, 0, 0, 0, 0, 0, 0, 0, 0, 0, 0, 0, 0, 58.00735421022921, 0.0, 96.96830588610798, 29.53300230372291, 46.000481044642186, 78.25616960536148, 26.44949947595289, 53.49945205757744, 18.824611054651495, 71.93191583391658, 54.62108240036776, 59.83602313323833, 0.0, 0.0, 16.897049887245707, 79.63629868622087, 71.22441846092212, 0.0, 0.0, 23.57487719985098, 0.0, 0.0, 100.0, 58.95755372861925, 0.0, 33.31610670755401, 0.0, 99.99999999999996, 0.0, 52.47024572376328, 8.914017301131423, 1.3522109663543773, -6.825717930188091, 1.670790568763806, 0.6309217273390857, 0.7319424934724594, -0.7427359392274013, 0.4224295734650809, 3.2345289916557363, -0.8604372505520246, -0.04184857369168071, 0.890581736393969, 2.3621163012602153, 2.2528179881020094, 0.3805666533223544, 0.8785535168339607, 2.569812860806053, 1.2978545614844137, 2.6516925344187996, 2.04023129536003, 0.328222405793106, 0.36000762920483, 1.5053383215446559, 0.4311474411101983, 5.851197311695216, 2.2306163797033207, 0.1957302232647038, 0.03681352508102265, -0.13395456561376307, 0.2772783511193069, 132.78727223059215, -34.88867615724364, 15.595040987257573, 89.07624345864507, 39.18879733617466, 123.80983964268881, -190.70511153436678, 42.305307243915635, 81.48636385346667, -5.267354347927621, -50.34267561051185, 81.71635904716831, -23.311297612895533, -6.73769586519319, -33.43163175377887, 194.02678878929223, 66.01040960460095, 44.16169995453542, 83.18451052177339, 90.05396306747927, -49.62731842606738, -248.69837189621316, 216.59243819557713, 98.58262308388275, -132.82015998958468, 103.78205056411609, -194.63269096112546, 59.219854277521634, -170.14111671249472, 157.6901367258901, 58.79285828337917, 24.959529195495, 23.29194697202687, 21.724177227182423, 21.324391515947287, 29.43976499906539, 31.157445917556625, 14.942150162636514, 36.11473654669465, 13.800780048272271, 4.013142959229303, 38.555118020027045, 26.473787855198367, 29.22223109071985, 3.699835281562394, 28.646870753914694, 33.38471784697073, 33.62725113331696, 39.342142727190264, 37.820286101432075, 9.676890533667262, 13.284728931238297, 43.76502866484447, 11.32598477605762, 19.3994608264495, 23.054232565512624, 12.403815846411666, 8.065569580924347, 12.229026358462134, 16.92959000608747]
============================================
turbulence_threshold:  96.08032158358267
======Model training from:  20090000 to  20191004
======SAC Training========
Training time (SAC):  3.1888453165690103  minutes
======SAC Validation from:  20191004 to  20200106
SAC Sharpe Ratio:  -0.4049359465534927
======TD3 Training========
Training time (TD3):  3.7110900203386943  minutes
======TD3 Validation from:  20191004 to  20200106
TD3 Sharpe Ratio:  -0.37646029743053894
======TRPO Training========
Training time (TRPO):  2.2585968295733134  minutes
======TRPO Validation from:  20191004 to  20200106
TRPO Sharpe Ratio:  -0.37075041743952103
======Trading from:  20200106 to  20200406
previous_total_asset:1617854.856995615
end_total_asset:1597087.9623338773
total_reward:-20766.894661737606
total_cost:  936.9507180404953
total trades:  182
Sharpe:  -0.4348940112079856
============Trading Done============
[1597087.9623338773, 241.41, 73.6, 124.52, 114.67, 39.06, 75.11, 31.87, 93.88, 146.93, 178.7, 106.34, 54.13, 134.17, 84.05, 43.83, 160.33, 133.79, 76.25, 153.83, 78.86, 33.64, 115.08, 49.93, 93.89, 229.49, 151.85, 54.7, 40.72, 119.48, 39.21, 0, 0.0, 0, 0, 0, 0, 0, 0, 0, 0, 0, 0, 0, 0, 0, 0, 0, 0, 0, 0, 0, 0, 0, 0.0, 0, 0, 0, 0, 0, 0, 65.96863241833974, 43.18349673618684, 65.84870875052991, 92.50698266489646, 77.95182908683219, 97.19637683778721, 65.79125695392702, 67.63951713175467, 64.82471624165645, 70.55024115645983, 79.7063890445905, 87.42625339382111, 100.0, 55.521761284769646, 96.8570328986985, 86.62639815481728, 83.17731323221523, 94.8055664197875, 75.03946639309731, 75.68776857187422, 100.0, 100.0, 22.423164322331246, 70.02633174220558, 64.44186609210402, 62.980701451458266, 90.88007822561758, 6.476044719586267, 91.17688237548684, 90.73626465356138, -11.502961978047296, -8.703070430766516, -33.37679468786209, -1.9517935403078752, -0.6414420024396748, -5.6222521105008525, -3.292222086012522, -6.393807350826862, -13.87850567557507, -9.657514972538053, -5.781073725912734, -0.9119485081491021, -2.5044275169571506, -7.770384524666312, -2.8667697675100143, -8.735250020560272, -4.39626353910532, -1.2875229542425473, -2.2825923504005345, -2.2904451933956693, -0.5716672187932943, -1.7841945134522348, -13.247178635497391, -6.65915774956467, -8.776155996395545, -7.611969046925452, -0.6345816997397336, -1.9486574133908263, 0.2366188333432433, -3.2819150632062986, -34.1726671119866, -73.69641969820692, -15.043988504990716, 97.86028126827638, 64.19419398236919, 94.19847398182725, -33.3328736220977, -5.6616127333066615, -29.340843360433556, 14.079731468071861, 28.51798295120591, 65.76787353104928, 80.38185320576798, -55.196861946352655, 42.88446485193829, 28.43697687607923, 39.56567455633946, 100.11396011395956, 63.40398357817904, 32.219118661912766, 132.06349206349202, 73.40737840926695, -251.74863257095046, 23.839068618964735, 6.463589405831301, -19.919932597442266, 100.10702637661882, -142.6922510467296, 84.35123420652621, 115.51483942715352, 23.468764660449352, 25.78206950967752, 33.07250735236018, 11.715730991397352, 3.5596623077633027, 6.471260973937139, 18.596558541208367, 21.293778055647092, 32.5654773272582, 23.575547608225587, 26.029092405977494, 3.531693373656638, 6.677453283474446, 30.43821926168381, 28.8842504848983, 32.03692056227989, 30.955397112473467, 12.595997652051707, 6.234507011427492, 13.617372904104194, 5.477122392941652, 10.826804670331894, 57.37905061640449, 28.049018317660952, 15.432267182498732, 21.341740835002135, 10.916941538000575, 22.553335948412577, 14.68628678944143, 9.299024514106609]
============================================
turbulence_threshold:  96.08032158358267
======Model training from:  20090000 to  20200106
======SAC Training========
Training time (SAC):  3.277149434884389  minutes
======SAC Validation from:  20200106 to  20200406
SAC Sharpe Ratio:  -0.40255713688744715
======TD3 Training========
Training time (TD3):  3.7954508860905967  minutes
======TD3 Validation from:  20200106 to  20200406
TD3 Sharpe Ratio:  -0.39451700466455
======TRPO Training========
Training time (TRPO):  2.150381950537364  minutes
======TRPO Validation from:  20200106 to  20200406
TRPO Sharpe Ratio:  -0.43169969283124965
======Trading from:  20200406 to  20200707
previous_total_asset:1597087.9623338773
end_total_asset:1602118.8053338786
total_reward:5030.843000001274
total_cost:  991.5679999999998
total trades:  140
Sharpe:  0.19329178942775127
============Trading Done============
[1602118.8053338786, 373.85, 96.58, 187.91, 129.43, 46.42, 88.57, 54.61, 114.43, 207.36, 249.55, 120.19, 59.54, 142.98, 95.0, 45.23, 188.5, 158.1, 79.58, 210.7, 99.95, 34.51, 121.63, 63.32, 114.57, 302.81, 197.76, 55.24, 43.16, 118.89, 44.39, 0, 0.0, 0, 0, 0, 0, 0, 0, 0, 0, 0, 0, 0, 0, 0, 0, 0, 0, 0, 0, 0, 0, 0, 0.0, 0, 0, 0, 0, 0, 0, 64.78730834534126, 36.66285669913966, 56.971987964391204, 89.82896616963131, 81.90677540708892, 46.59797677870923, 100.0, 77.27847807028087, 87.96296107201945, 72.42554632099275, 68.77922240981692, 94.92621587401229, 100.0, 42.363384920119124, 70.20145024121382, 100.0, 85.75129105061721, 100.0, 100.0, 68.31741790559015, 100.0, 100.0, 68.71876619531908, 59.35649730988468, 100.0, 86.81948773796407, 75.05824616527778, 77.67074444149777, 46.914189839171335, 31.47059231160774, 12.230067802371593, -0.6345341577656143, 4.874777525705412, 1.571863130630902, 0.2682890615120783, -1.2548435363914052, 0.9541971335911583, -0.8714755709854671, 0.8537226492965999, 2.090576978322474, -1.2254644728029405, -0.5148422034022389, -1.4057131039860735, -1.2635610948731681, -0.49432428341034296, -0.6539686382684238, 0.5229186391621852, -0.20628816531942107, 5.7639412366150395, 0.6804070677102061, -0.6281821722777892, 0.9961843107986255, -0.9531028495821161, 1.2181978396960034, 1.053133868150553, 1.4070093785051085, -0.4279464533259869, -0.1284222510831583, -0.8722538488321874, -0.7025776748477668, 150.47120019739464, -30.5906366504287, 8.515365381241931, 99.58541898217337, 63.95294218122723, -38.323643911661875, 198.62331887933618, -3.3466619112982556, 60.470057438534845, 42.75220822904614, -8.989457471671265, -11.544410438674637, 42.28240946747355, -49.38069160304518, -29.43410206538886, 28.88730615622078, 55.71326282590784, 188.94097665981997, 181.12803045782397, 54.651026696803534, 151.2130373866237, 159.67635789948042, -14.01884047175668, 13.554319824588037, 185.92587334498822, 154.69551228846393, -4.051874395052248, 102.66831855986109, -63.31910135309969, -56.00150845814044, 39.039871384948626, 0.06844179394895619, 17.29111259580174, 17.23667495278831, 9.678331284527417, 10.461753833045085, 14.413910467343893, 2.514333132770602, 15.52333734682608, 9.892108039048164, 2.9453675003471362, 11.580838745545842, 1.7434720109350215, 5.058631433995428, 14.22544379535374, 0.3571456626783647, 13.754288208306342, 16.009257041388995, 41.63846160409889, 4.014144123513757, 2.3803613860573547, 14.82390252927174, 5.024687429396252, 4.649569863747833, 8.954001751136232, 15.937813274266976, 6.503471186844003, 3.803226688651954, 1.5431673835022983, 5.509959446546415]
Ensemble Strategy took:  200.74202798604966  minutes
['TD3', 'TD3', 'TRPO', 'SAC', 'SAC', 'SAC', 'TD3', 'TD3', 'SAC', 'TRPO', 'SAC', 'SAC', 'TD3', 'SAC', 'SAC', 'TD3', 'TRPO', 'TD3']