============Start Ensemble Strategy============
============================================
turbulence_threshold: 171.0940715631054
======Model training from: 20090000 to 20151002
======SAC Training========
======SAC Validation from: 20151002 to 20160104
SAC Sharpe Ratio: -0.001741819238541911
======TD3 Training========
======TD3 Validation from: 20151002 to 20160104
TD3 Sharpe Ratio: 0.07139370917684518
======TRPO Training========
======TRPO Validation from: 20151002 to 20160104
TRPO Sharpe Ratio: -0.025072790923989327
======Trading from: 20160104 to 20160405
previous_total_asset: 1000000
end_total_asset: 1069612.6337918274
total_reward: 69612.63379182736
total_cost: 1082.518068658866
total trades: 1184
Sharpe: 0.2188751203393672
============Trading Done============
[18.83027247543305, 111.12, 60.62, 126.34, 75.72, 28.14, 93.43, 153.22532253225324, 98.68, 157.77, 134.85, 152.07, 32.0, 108.59, 59.2, 46.89, 127.57, 166.4, 54.4, 55.43, 59.97, 30.72, 83.21, 100.27, 117.56, 129.49, 77.83, 54.42, 86.31, 69.1, 83.16, 0, 0, 600.0, 600.0, 601.0, 0, 600.0, 0, 544.0, 0, 600.0, 602.0, 600.0, 0, 1200.0, 600.0, 600.0, 600.0, 600.0, 347.0, 0, 0.0, 600.0, 0, 600.0, 600.0, 600.0, 0, 600.0, 0, 107.27950816684532, 60.374238879095806, 128.55966424306163, 75.21100103163745, 28.097311538767404, 94.32461304439224, 152.90591715126453, 98.38689443166056, 155.6639903524531, 131.9281530767988, 148.17860142809062, 32.05262505212722, 108.18949767117996, 59.44594982661032, 46.025086073774006, 124.53809333006782, 165.0557194700652, 53.11923243489108, 54.452029339707885, 61.58033457293264, 30.02153919783297, 82.76257835893797, 99.12956237653444, 115.9258504113306, 128.0007507924627, 75.2075582947756, 53.5897855256088, 83.7005410279667, 68.2299856731256, 83.53918326343783, 2.656483729335946, 0.9198815855187804, 1.6259952386008365, 2.0914096950430547, 0.5613319072890732, 1.6767803677479094, 2.3347666891744154, 0.5150528825118812, 1.1795068157334183, 2.461842065165399, 4.483579269081218, 0.4998288159752704, 1.033293821941669, 0.2460630468048066, 0.7529189330315589, 1.9568612866842443, 2.61796424814591, 0.6039687875731801, 0.8031096646516289, 0.1976548531263589, 0.069784471743894, 0.4091782244867659, 1.7972524698684538, 2.029879013479245, 2.729131721491896, 1.24236626300943, 0.846929460517444, 1.469484763301864, 0.6691154552012932, 0.6355663423507849, 172.08728950565987, 43.71447552963834, -84.52478841000605, 63.06489236979818, 23.63080479559344, -93.14951123573424, -16.853883473928185, 51.121345954690725, 113.1554359260932, 159.97110703080477, 144.06886797316466, -13.597602554456452, 68.46208362863038, -40.43040853731929, 124.45109884062526, 181.090649536046, 97.33868665904352, 183.7083264903924, 122.05723355615729, -129.0288611001696, 140.233027260002, 91.5554690858956, 119.87262453831026, 139.49247585571678, 70.94866227640857, 147.63954369338836, 134.72482801751048, 169.47981875158663, 160.7118505679237, -51.67459305343076, 2.172188748586167, 1.5973511025301723, 1.840677649801714, 3.12110955058992, 2.277869622344904, 2.3138352682259087, 1.861634321196828, 0.507666180204336, 0.3733714816438384, 1.6984082156800997, 3.059912236881944, 1.665120217792577, 1.0319725697647024, 0.528769899528999, 1.508762750409964, 1.3225144372541846, 1.6730770599937133, 1.0039176315432683, 1.2179147722670398, 0.738022630596286, -0.017837904797288, 0.5147056621531221, 1.9654377261433635, 1.7568929413119168, 2.218673653498867, 0.9662267520472142, 1.639713589790585, 1.4116852726729665, 0.9130246019022822, 1.013348615118916]
============================================
turbulence_threshold: 96.08032158358267
======Model training from: 20090000 to 20160104
======SAC Training========
======SAC Validation from: 20160104 to 20160405
SAC Sharpe Ratio: 0.14186037676538732
======TD3 Training========
======TD3 Validation from: 20160104 to 20160405
TD3 Sharpe Ratio: 0.012365256355174626
======TRPO Training========
======TRPO Validation from: 20160104 to 20160405
TRPO Sharpe Ratio: 0.060134247162449826
======Trading from: 20160405 to 20160705
previous_total_asset: 1069612.6337918274
end_total_asset: 1108733.5951896312
total_reward: 39120.961397803854
total_cost: 1674.7202299609964
total trades: 598
Sharpe: 0.14668444114470885
============Trading Done============
[1.1151896312637177, 95.89, 60.69, 129.69, 76.45, 28.8, 104.15, 148.63486348634865, 98.03, 148.25, 129.62, 152.35, 32.75, 121.29, 61.26, 45.12, 120.4, 175.54, 57.94, 51.16, 55.61, 35.57, 84.78, 102.73, 118.85, 140.86, 74.48, 56.23, 83.06, 72.81, 93.84, 0, 0, 1100.0, 2202.0, 1417.0, 0, 0.0, 0.0, 0.0, 0, 0.0, 0.0, 1400.0, 0, 0.0, 0.0, 1400.0, 0.0, 1400.0, 0.0, 760.0, 0.0, 0.0, 0, 1723.0, 0.0, 0.0, 0, 0.0, 0, 95.35462782130465, 61.00269756207822, 128.76621897594538, 74.97771845039392, 28.480548846061147, 102.75715505133314, 152.927622815565, 97.5785469990631, 147.14875440605334, 127.85207182166197, 150.38237695566542, 32.023882999211246, 118.0470574406754, 61.60695916531082, 44.78951311514793, 120.48509780687787, 171.4062736680627, 56.7491730069462, 50.57963071300355, 54.342708910218384, 34.755150668146534, 83.3704645135338, 100.94274123748872, 114.7154134722914, 138.95576199907936, 76.16866539752631, 54.484931642372494, 82.23872523266333, 71.88056844968189, 91.535566489751, -0.8682323890563879, -1.2003970086929598, -0.6601908281147644, 0.2064421941165335, 0.0143143528180829, 0.6552583944969399, -2.055203756531768, -0.7036971878444547, -2.6983422509489685, -1.008555247138048, -0.1930433515938432, 0.2533275388273601, 1.523282406353431, -0.724789648356932, -0.0850537168517391, -1.2907117007350024, 1.2143159343578986, 0.3183496654585411, -0.272864864593572, -0.4170095403624714, 0.2335532105708466, 0.5243432223834077, 0.0039715755851403, 0.9578123377246328, 1.5486825919658995, -1.0621460646752752, 1.1498691743498668, 0.7428959880894013, 0.7697787656408508, 0.8775784795803645, 28.590427631425523, -1.5047011051112145, 14.790786445507006, 57.40291262135955, 40.39048865619585, 107.83392087739864, -85.57670881352935, 17.15635774708585, 72.70660358969619, 171.48866122194892, 45.19876332365013, 105.8385461687569, 198.56528004810744, -7.00188388895354, 74.03842708018641, -23.32009856301745, 153.36297341227996, 143.64208468307382, 103.18677270812816, 109.59398815688128, 169.91258904102847, 164.05761443436262, 131.47963254782573, 193.20208332187008, 161.400404230234, -87.72375895291113, 159.07307387567116, 39.85673705974861, 150.06826088871367, 175.54169786305764, -0.8567839253835581, -1.5836930513897476, -0.386302957017424, 0.3686363067426511, 0.276067556040201, 0.4829057266402267, -0.4843710488410737, -0.7656658953193632, -2.0023350402902453, -1.0503824254211938, 0.0297825886878369, 0.7252890691617955, 0.9684382795610068, -0.8917730357401389, -0.2086667673048124, -1.0479158800671535, 0.4334361348301011, 0.4487213633502852, -0.70021189023764, -1.317122499579943, 0.6104288258387288, 0.4947572178109267, -0.1346584735997572, 0.2421839431655694, 1.101664220408842, -0.8658979419099327, 1.7595400952636693, 0.9821911858770578, 1.010482367592036, 0.7105511162773916]
============================================
turbulence_threshold: 171.0940715631054
======Model training from: 20090000 to 20160405
======SAC Training========
======SAC Validation from: 20160405 to 20160705
