============Start Ensemble Strategy============
============================================
turbulence_threshold:  171.0940715631054
======Model training from:  20090000 to  20151002
======SAC Training========
======SAC Validation from:  20151002 to  20160104
SAC Sharpe Ratio:  -0.001741819238541911
======TD3 Training========
======TD3 Validation from:  20151002 to  20160104
TD3 Sharpe Ratio:  0.07139370917684518
======TRPO Training========
======TRPO Validation from:  20151002 to  20160104
TRPO Sharpe Ratio:  -0.0288257394149453
======Trading from:  20160104 to  20160405
previous_total_asset:1000000
end_total_asset:1069612.6337918274
total_reward:69612.63379182736
total_cost:  1082.518068658866
total trades:  1184
Sharpe:  0.2188751203393672
============Trading Done============
[18.83027247543305, 111.12, 60.62, 126.34, 75.72, 28.14, 93.43, 153.22532253225324, 98.68, 157.77, 134.85, 152.07, 32.0, 108.59, 59.2, 46.89, 127.57, 166.4, 54.4, 55.43, 59.97, 30.72, 83.21, 100.27, 117.56, 129.49, 77.83, 54.42, 86.31, 69.1, 83.16, 0, 0, 600.0, 600.0, 601.0, 0, 600.0, 0, 544.0, 0, 600.0, 602.0, 600.0, 0, 1200.0, 600.0, 600.0, 600.0, 600.0, 347.0, 0, 0.0, 600.0, 0, 600.0, 600.0, 600.0, 0, 600.0, 0, 107.27950816684532, 60.374238879095806, 128.55966424306163, 75.21100103163745, 28.097311538767404, 94.32461304439224, 152.90591715126453, 98.38689443166056, 155.6639903524531, 131.9281530767988, 148.17860142809062, 32.05262505212722, 108.18949767117996, 59.44594982661032, 46.025086073774006, 124.53809333006782, 165.0557194700652, 53.11923243489108, 54.452029339707885, 61.58033457293264, 30.02153919783297, 82.76257835893797, 99.12956237653444, 115.9258504113306, 128.0007507924627, 75.2075582947756, 53.5897855256088, 83.7005410279667, 68.2299856731256, 83.53918326343783, 2.656483729335946, 0.9198815855187804, 1.6259952386008365, 2.0914096950430547, 0.5613319072890732, 1.6767803677479094, 2.3347666891744154, 0.5150528825118812, 1.1795068157334183, 2.461842065165399, 4.483579269081218, 0.4998288159752704, 1.033293821941669, 0.2460630468048066, 0.7529189330315589, 1.9568612866842443, 2.61796424814591, 0.6039687875731801, 0.8031096646516289, 0.1976548531263589, 0.069784471743894, 0.4091782244867659, 1.7972524698684538, 2.029879013479245, 2.729131721491896, 1.24236626300943, 0.846929460517444, 1.469484763301864, 0.6691154552012932, 0.6355663423507849, 172.08728950565987, 43.71447552963834, -84.52478841000605, 63.06489236979818, 23.63080479559344, -93.14951123573424, -16.853883473928185, 51.121345954690725, 113.1554359260932, 159.97110703080477, 144.06886797316466, -13.597602554456452, 68.46208362863038, -40.43040853731929, 124.45109884062526, 181.090649536046, 97.33868665904352, 183.7083264903924, 122.05723355615729, -129.0288611001696, 140.233027260002, 91.5554690858956, 119.87262453831026, 139.49247585571678, 70.94866227640857, 147.63954369338836, 134.72482801751048, 169.47981875158663, 160.7118505679237, -51.67459305343076, 2.172188748586167, 1.5973511025301723, 1.840677649801714, 3.12110955058992, 2.277869622344904, 2.3138352682259087, 1.861634321196828, 0.507666180204336, 0.3733714816438384, 1.6984082156800997, 3.059912236881944, 1.665120217792577, 1.0319725697647024, 0.528769899528999, 1.508762750409964, 1.3225144372541846, 1.6730770599937133, 1.0039176315432683, 1.2179147722670398, 0.738022630596286, -0.017837904797288, 0.5147056621531221, 1.9654377261433635, 1.7568929413119168, 2.218673653498867, 0.9662267520472142, 1.639713589790585, 1.4116852726729665, 0.9130246019022822, 1.013348615118916]
============================================
turbulence_threshold:  96.08032158358267
======Model training from:  20090000 to  20160104
======SAC Training========
======SAC Validation from:  20160104 to  20160405
SAC Sharpe Ratio:  0.14186037676538732
======TD3 Training========
======TD3 Validation from:  20160104 to  20160405
TD3 Sharpe Ratio:  0.012365256355174626
======TRPO Training========
======TRPO Validation from:  20160104 to  20160405
TRPO Sharpe Ratio:  0.0929754003819118
======Trading from:  20160405 to  20160705
previous_total_asset:1069612.6337918274
end_total_asset:1108733.5951896312
total_reward:39120.961397803854
total_cost:  1674.7202299609964
total trades:  598
Sharpe:  0.14668444114470885
============Trading Done============
[1.1151896312637177, 95.89, 60.69, 129.69, 76.45, 28.8, 104.15, 148.63486348634865, 98.03, 148.25, 129.62, 152.35, 32.75, 121.29, 61.26, 45.12, 120.4, 175.54, 57.94, 51.16, 55.61, 35.57, 84.78, 102.73, 118.85, 140.86, 74.48, 56.23, 83.06, 72.81, 93.84, 0, 0, 1100.0, 2202.0, 1417.0, 0, 0.0, 0.0, 0.0, 0, 0.0, 0.0, 1400.0, 0, 0.0, 0.0, 1400.0, 0.0, 1400.0, 0.0, 760.0, 0.0, 0.0, 0, 1723.0, 0.0, 0.0, 0, 0.0, 0, 95.35462782130465, 61.00269756207822, 128.76621897594538, 74.97771845039392, 28.480548846061147, 102.75715505133314, 152.927622815565, 97.5785469990631, 147.14875440605334, 127.85207182166197, 150.38237695566542, 32.023882999211246, 118.0470574406754, 61.60695916531082, 44.78951311514793, 120.48509780687787, 171.4062736680627, 56.7491730069462, 50.57963071300355, 54.342708910218384, 34.755150668146534, 83.3704645135338, 100.94274123748872, 114.7154134722914, 138.95576199907936, 76.16866539752631, 54.484931642372494, 82.23872523266333, 71.88056844968189, 91.535566489751, -0.8682323890563879, -1.2003970086929598, -0.6601908281147644, 0.2064421941165335, 0.0143143528180829, 0.6552583944969399, -2.055203756531768, -0.7036971878444547, -2.6983422509489685, -1.008555247138048, -0.1930433515938432, 0.2533275388273601, 1.523282406353431, -0.724789648356932, -0.0850537168517391, -1.2907117007350024, 1.2143159343578986, 0.3183496654585411, -0.272864864593572, -0.4170095403624714, 0.2335532105708466, 0.5243432223834077, 0.0039715755851403, 0.9578123377246328, 1.5486825919658995, -1.0621460646752752, 1.1498691743498668, 0.7428959880894013, 0.7697787656408508, 0.8775784795803645, 28.590427631425523, -1.5047011051112145, 14.790786445507006, 57.40291262135955, 40.39048865619585, 107.83392087739864, -85.57670881352935, 17.15635774708585, 72.70660358969619, 171.48866122194892, 45.19876332365013, 105.8385461687569, 198.56528004810744, -7.00188388895354, 74.03842708018641, -23.32009856301745, 153.36297341227996, 143.64208468307382, 103.18677270812816, 109.59398815688128, 169.91258904102847, 164.05761443436262, 131.47963254782573, 193.20208332187008, 161.400404230234, -87.72375895291113, 159.07307387567116, 39.85673705974861, 150.06826088871367, 175.54169786305764, -0.8567839253835581, -1.5836930513897476, -0.386302957017424, 0.3686363067426511, 0.276067556040201, 0.4829057266402267, -0.4843710488410737, -0.7656658953193632, -2.0023350402902453, -1.0503824254211938, 0.0297825886878369, 0.7252890691617955, 0.9684382795610068, -0.8917730357401389, -0.2086667673048124, -1.0479158800671535, 0.4334361348301011, 0.4487213633502852, -0.70021189023764, -1.317122499579943, 0.6104288258387288, 0.4947572178109267, -0.1346584735997572, 0.2421839431655694, 1.101664220408842, -0.8658979419099327, 1.7595400952636693, 0.9821911858770578, 1.010482367592036, 0.7105511162773916]
============================================
turbulence_threshold:  171.0940715631054
======Model training from:  20090000 to  20160405
======SAC Training========
======SAC Validation from:  20160405 to  20160705
SAC Sharpe Ratio:  0.08987204424885961
======TD3 Training========
======TD3 Validation from:  20160405 to  20160705
TD3 Sharpe Ratio:  0.004819200040898073
======TRPO Training========
======TRPO Validation from:  20160405 to  20160705
TRPO Sharpe Ratio:  0.08714792889572956
======Trading from:  20160705 to  20161003
previous_total_asset:1108733.5951896312
end_total_asset:1136705.5733596315
total_reward:27971.97817000025
total_cost:  524.6113900000001
total trades:  846
Sharpe:  0.13111447140202181
============Trading Done============
[10.173359631296318, 113.05, 64.04, 131.74, 88.77, 31.72, 102.92, 155.50555055505552, 92.86, 161.27, 128.68, 158.85, 37.75, 118.13, 66.59, 42.32, 115.36, 176.23, 62.41, 57.6, 52.65, 33.87, 89.75, 101.6, 114.55, 140.0, 82.7, 51.98, 80.62, 72.12, 87.28, 0, 0, 1199.0, 2203.0, 1423.0, 0, 0.0, 604.0, 0.0, 0.0, 0.0, 0.0, 1400.0, 0, 0.0, 0.0, 1481.0, 0.0, 1805.0, 0.0, 0.0, 0.0, 0.0, 0, 0.0, 0.0, 0.0, 2.0, -1.0, 1736.0, 112.39181320220672, 64.12082493123351, 130.7832087147539, 84.38961207350303, 31.3813438448746, 100.48389097477023, 157.29334057011084, 92.65281888441838, 164.08508473902478, 128.09736762978218, 156.87413887096037, 37.07715472744694, 118.52048215471775, 66.48897478724953, 42.45280092929151, 115.92345252488684, 177.06393400458987, 62.47970485207109, 57.45476770592055, 54.441099366299, 33.96039584692208, 88.44058874246612, 102.29485316965749, 115.03032800027498, 138.96937944125236, 82.36599431603837, 52.13547286619822, 80.97589684599536, 71.90088885775843, 85.26898044685262, 1.728108372177516, -0.2888315747715353, -0.064559180034422, 1.1254685288835446, 0.1266119501144302, -0.1313961633486684, -1.0056135632649443, -0.7874055620167155, -1.0296705038551297, -1.515020201427916, -0.4209374248454764, 0.543888649020758, -0.5260224389707986, 0.0902248766231821, -0.3555631395319381, -0.3526529560439684, -0.6102940076941934, 0.1076453716982257, 0.1458183836672901, -1.0027189917557493, -0.322446678862299, 0.4837147771697232, -1.1869795181943203, -0.7206515002966398, 0.3984644359026106, 0.4531307904561572, -0.2457705879661702, -0.3508413345919621, -0.1724661503660627, -0.5971974348831708, -16.64323491999683, -0.2436583561734875, 82.07743272881328, 198.88752712628585, 133.29693916797916, 193.00372318943965, -102.24709571549444, 55.95660360101121, -122.00053470785971, 86.12797481686701, 141.5798924860721, 86.4257373092811, -51.52641589906253, 19.38070670505432, -23.090525743044825, -65.76006890788096, -34.55830369146264, 3.090034855007413, 52.47999193277982, -178.59631724852872, -58.05884936319824, 161.6707824907997, -31.438610303333643, -26.395290212287403, 46.38202969553591, 15.971836205300749, 49.35716525556303, -108.91411427765664, -2.476143217593659, 159.42175655832096, 1.6670174872974888, -0.3551383485279242, -0.3448842394894378, 0.5454423689262016, 0.3721025123391747, -0.5455519657711774, -0.4168216272795236, -0.9318800271046012, -0.0087954225823518, -1.411545586816891, -0.5600934591335489, 1.4489593098516442, -0.5096891352531691, 0.3213977999497948, -0.86381414606835, -0.3252455294883418, -0.2617309444053302, 0.2699977890095116, 0.2156439244555948, -1.2443842717886326, -0.9378192419123096, 0.4616458104358559, -1.1964087075894436, -0.5644127458635687, -0.0331176544164836, 0.6849150101591139, -0.6134840368960561, -0.2063454042234746, -0.2281628243843139, -1.191869071606471]
============================================
turbulence_threshold:  171.0940715631054
======Model training from:  20090000 to  20160705
======SAC Training========
======SAC Validation from:  20160705 to  20161003
SAC Sharpe Ratio:  0.043786386523385935
======TD3 Training========
======TD3 Validation from:  20160705 to  20161003
TD3 Sharpe Ratio:  0.00033288500203470443
======TRPO Training========
======TRPO Validation from:  20160705 to  20161003
TRPO Sharpe Ratio:  0.009819966293253818
======Trading from:  20161003 to  20170103
previous_total_asset:1136705.5733596315
end_total_asset:1247761.7482588573
total_reward:111056.17489922582
total_cost:  820.6271600715827
total trades:  858
Sharpe:  0.429587578957183
============Trading Done============
[14.936155843208745, 115.82, 74.08, 155.68, 92.74, 30.22, 117.7, 171.6771677167717, 104.22, 239.45, 134.08, 165.99, 36.27, 115.21, 86.29, 41.46, 121.72, 178.57, 58.87, 62.14, 50.83, 32.48, 84.08, 109.62, 122.42, 160.04, 78.02, 53.38, 82.76, 69.12, 90.26, 0.0, 0, 1254.0, 2192.4249653816223, 1443.0, 0.0, 0.0, 604.0, 247.0, 0.0, 1760.419937133789, 0.0, 0.0, 1469.7396621704102, 0.0, 0.0, 1481.0, 0.0, 0.0, 0.0, 0.0, 0.0, 0.0, 0, 0.0, 0.0, 0.0, 0.0, 0.0, 0.0, 115.7870149779172, 74.306584815321, 155.83383473334382, 93.81527863137474, 30.402880171353672, 117.27523058867772, 173.53565334732355, 104.24065769728396, 238.482270559322, 134.72759186834364, 166.29185286124377, 36.52939871882849, 115.17486056252343, 85.7609623820415, 41.50541270389005, 122.40373389407168, 177.8794530585337, 60.00147139348864, 62.68278897555266, 51.35460077001797, 32.417760655868555, 84.32399352410134, 109.96192095264482, 121.29052263705694, 160.86841071905056, 78.33941880345502, 52.89232476733681, 84.48531432921335, 70.07019078051576, 90.21010242494587, 1.3596630717307647, 0.9461900210984168, 2.150379217632917, 0.2561463414458984, 0.0466754771919433, 2.1379357804599124, 2.2787874970959194, 1.6835939529607202, 7.793985061426127, 1.547753390064912, 1.6047941962197, 0.388770264081657, 0.290543039209723, 2.24623005068122, 0.036247029065116, 1.1816164702692191, 1.5367212100669292, -0.6297122176456256, 0.7142759615232137, -0.0153486590298257, 0.1606328067834539, 0.045455287714347, 0.9834643199644688, 2.272731989265438, 2.45028951945244, -0.4045197217407548, 1.05159749944675, -0.0351062471347205, -0.283508100282603, 0.9020064180095488, -0.0953670412901482, -79.64707156003152, -36.53377710247463, -116.36045494313449, -114.27075698879815, -7.94715216042475, -180.3800082610493, -42.92647292531312, -58.29071707948628, -116.55910012907908, -109.91862766659682, -76.75557907572092, -29.607400084736337, 19.88344584847983, -29.32151001564973, -129.58687226848886, 49.99423547561451, -105.4077194424467, -106.1444171359252, -93.72448730514571, -49.73190348525723, -114.51193073310633, -21.162986018475564, 77.92993064200614, -64.68656086095534, -61.30084786129412, 53.14319176053163, -139.454255507648, -105.0493870829104, -94.47040907419904, 1.139697705546156, 1.7110616431053371, 1.7305315456237578, 0.7225309979020536, 0.1126471142931171, 2.1478042700128106, 1.7727732471761892, 1.9616853435511077, 4.289084786055656, 1.4383262240872503, 1.2258920049788884, 1.1537594115707734, 0.1322110991351252, 3.199168474684824, 0.0500244070117956, 1.206687978490153, 0.9285409234351336, -0.6727701272864135, 1.353785762432748, 0.1258588254393437, 0.5013709996586465, 0.0254939940797218, 1.0647009469923374, 2.056004519707814, 1.9830052287806892, -0.6055242472125939, 1.9751773813523308, 0.5198499021130091, -0.0426668685241565, 1.1778550723375278]
============================================
turbulence_threshold:  171.0940715631054
======Model training from:  20090000 to  20161003
======SAC Training========
======SAC Validation from:  20161003 to  20170103
SAC Sharpe Ratio:  0.5872666138528472
======TD3 Training========
======TD3 Validation from:  20161003 to  20170103
TD3 Sharpe Ratio:  0.52284910171923
======TRPO Training========
======TRPO Validation from:  20161003 to  20170103
TRPO Sharpe Ratio:  0.5582353608991869
======Trading from:  20170103 to  20170404
previous_total_asset:1247761.7482588573
end_total_asset:1346743.4084285416
total_reward:98981.66016968433
total_cost:  1621.8500718333576
total trades:  638
Sharpe:  0.4226237842584758
============Trading Done============
[44.95935369106155, 143.7, 78.59, 176.65, 92.27, 33.58, 107.8, 189.1989198919892, 113.2, 228.96, 146.62, 174.5, 36.16, 124.69, 87.52, 42.41, 129.61, 190.72, 63.47, 65.55, 55.56, 34.24, 89.68, 111.93, 120.38, 165.59, 89.36, 49.18, 82.95, 71.83, 82.07, 2038.0, 0, 0.0, 0.0, 0.0, 0.0, 1435.0, 1867.0, 412.0, 0.0, 1760.419937133789, 0.0, 0.0, 0.0, 0.0, 0.0, 0.0, 0.0, 24.0, 0.0, 0.0, 0.0, 1500.0, 0, 0.0, 0.0, 0.0, 0.0, 0.0, 0.0, 142.11063634365556, 78.66630439625898, 177.40980412450276, 92.84703023051614, 33.8925692521719, 108.01806121364817, 191.23001084947077, 112.5221330508764, 233.29851333917432, 147.0762643288202, 174.87488591135727, 35.64891484972841, 125.3915643897478, 88.59013629627098, 42.32809946140628, 129.04861319371608, 190.97065739728927, 63.74215252151544, 65.22287877872809, 56.27471637139511, 34.238702927959466, 90.4558097321856, 112.22260471410628, 121.27110441958256, 165.79458533872884, 89.074908327053, 49.36363931534932, 83.7459221041387, 70.7653223011003, 82.04586290659638, 2.331583922641812, -0.0812977422561544, 0.6719139778817862, -0.6603693491815505, 0.1336256042062444, -1.0949280042997174, 1.2416993360562572, 0.7616417218609826, -4.729233890548045, 0.8141866389863139, -0.9782655118649188, -0.0347404536566742, 0.9528342529148688, -0.5262546495990392, 0.1805176771229142, 0.755624331530413, 1.4803816146194322, -0.3540566604859805, 0.3526178369926782, -0.0779764588720866, 0.1766599734368696, 0.0729469009447569, 0.0831673112413682, -0.1876981259197663, -0.1692239908558974, 0.4615314622374882, -0.17730456034419, -0.4883305580741819, 0.4614931380882439, -0.1180909704272039, 94.488062399135, -1.1374092128173536, -58.70694672068088, -92.40622140896504, -149.2825614111289, -57.97733664409301, -108.20397603485856, 107.55235560866498, -61.52783855394812, -84.94244303996467, -41.28206863182741, 219.560954007719, -82.3886226498353, -64.7474431329301, 59.921890781765306, 70.47300797023688, -42.999398934951685, -42.76084344884327, 105.2206014766778, -68.0119364798891, -42.39537047743776, -155.32120702344608, -70.16573524012014, -106.96524981449885, -43.90615196305314, -20.859370324889426, -89.09704769883089, -57.47249648987034, 176.13019374749936, 0.2770276107893585, 1.7396584959328016, -0.0819483494111948, 0.7332951968412106, -0.7756005889383013, 0.8293819765344572, -1.0948413869066946, 0.9295798169270508, 0.646422652349637, -1.5144910719010165, 0.8558900374067915, -0.45568551802805, -0.4633702662390669, 1.3010883943996754, -0.2745980801562233, 0.4336490639443455, 0.630071840986997, 1.055776521947788, -0.3991808093839867, 0.4407336234532136, 0.2389874676598784, 0.7173511095546959, 0.3615304277737884, 0.1524739094059775, 0.0867297217526324, 0.2610627308366561, 0.7342493654247811, -0.1847655633540544, -0.3376287620186632, 0.4325292805817298, -0.334255806823785]
============================================
turbulence_threshold:  96.08032158358267
======Model training from:  20090000 to  20170103
======SAC Training========
======SAC Validation from:  20170103 to  20170404
SAC Sharpe Ratio:  0.4952134278540873
======TD3 Training========
======TD3 Validation from:  20170103 to  20170404
TD3 Sharpe Ratio:  0.47790910280088444
======TRPO Training========
======TRPO Validation from:  20170103 to  20170404
TRPO Sharpe Ratio:  0.18873202635474023
======Trading from:  20170404 to  20170705
previous_total_asset:1346743.4084285416
end_total_asset:1357719.6995966246
total_reward:10976.291168082971
total_cost:  4302.790445902448
total trades:  731
Sharpe:  0.06408098705741301
============Trading Done============
[16.241378802733635, 143.5, 85.1, 198.59, 106.97, 31.33, 106.3, 191.83918391839185, 107.46, 227.28, 154.01, 155.58, 33.46, 132.9, 92.75, 44.76, 152.5, 209.83, 64.27, 68.17, 58.65, 33.82, 87.74, 122.08, 127.34, 186.65, 93.35, 45.0, 78.13, 75.36, 82.1, 1000.0, 0, 0.0, 0.0, 2200.0, 0.0, 1056.0, 0, 0.0, 2042.0, 0.0, 0.0, 0.0, 1002.0, 2200.0, 1000.0, 0.0, 0.0, 0.0, 0.0, 2200.0, 1000.0, 1000.0, 0, 0.0, 0.0, 0.0, 0.0, 1.0, 0.0, 145.38786831835705, 82.86796348155701, 197.4184132312396, 105.70737486177372, 31.686700097518344, 105.11154323362484, 190.6941620539249, 105.96633841197236, 222.54454558413835, 153.86750076359536, 154.49124915762513, 34.293004579587844, 133.49377453463435, 88.96115327212792, 45.098158032296624, 153.02172729021396, 209.8770606613253, 64.6969875775794, 69.59607321637428, 54.48329595098901, 33.554520628176, 88.30490311495961, 121.7087775865818, 127.18230007745728, 184.41012728881884, 94.55780265434493, 45.33142876238197, 78.47226952955556, 76.22595360346557, 81.51181462380187, -1.7063354833288145, 1.4693739398130816, 3.30266555128037, 0.7905244842351635, -0.1830927303144989, -0.2442666147685201, 0.4350063521075356, -0.4718596498005638, 0.7517850719380306, -0.4271453962870168, 0.0224862937958221, -0.6248406260930182, 1.3952054618694376, 1.447637582619592, 0.065738483441109, 1.549220658520909, 2.0765472505187006, 0.1763243799505147, -0.1796258990980277, 0.7433173443658063, 0.2894225290114178, -0.0127136092620361, 0.5164028581719435, 0.9736391841067586, 2.4897792257712865, 0.1228966590345237, -0.4212318656669254, -1.2506067218038055, -0.5257328699223507, -0.1250085781337873, -68.92503901061488, 156.59366012094836, 11.457653243567462, 79.65050833527002, -122.28432069911668, 21.443940265439544, -10.484459148010034, 189.66195699324533, 119.29392033542952, -18.93719235084368, 76.84051743483298, -95.12856368254263, -79.51702581157598, 169.48673752753132, -129.15705276111547, -19.55174445165745, -75.55145172873766, -27.70375157836843, -136.07293293031486, 219.65396111971816, 31.412352599764525, -113.64363321361128, 92.70885085737469, -57.01629330821845, 101.2510676688854, -125.95485172774086, -74.12686117565947, -15.38492258949109, -40.33348772580023, 4.248222688577557, -0.9979160722328472, 1.505303299412265, 1.868174043429812, 0.7777086104238735, -0.5776556577808359, -0.1895976410175591, 0.4839052710852023, -0.8136154841414641, 0.1179305457612498, -0.1090291455279676, -0.1327891699872267, -1.3672183516224257, 1.4300525578234156, 0.94115250495616, 0.4295331104226356, 1.2975143712918864, 1.40628624926253, 0.387646208990401, 0.2291163933672149, 0.1379647562403578, 0.7117186418092868, 0.2729026310249264, 0.422535782039519, 1.0296146972087077, 1.4082985154910832, 0.3818048949748804, -0.6185184202145959, -1.588450920451339, -0.3989580190952749, -0.0873371575299222]
============================================
turbulence_threshold:  171.0940715631054
======Model training from:  20090000 to  20170404
======SAC Training========
======SAC Validation from:  20170404 to  20170705
SAC Sharpe Ratio:  0.27936762051828323
======TD3 Training========
======TD3 Validation from:  20170404 to  20170705
TD3 Sharpe Ratio:  0.2547275876341761
======TRPO Training========
======TRPO Validation from:  20170404 to  20170705
TRPO Sharpe Ratio:  0.08060450925042954
======Trading from:  20170705 to  20171003
previous_total_asset:1357719.6995966246
end_total_asset:1405216.4805950038
total_reward:47496.780998379225
total_cost:  2324.609822163216
total trades:  1397
Sharpe:  0.2682275475435788
============Trading Done============
[16.950595003838515, 153.81, 90.54, 255.99, 124.72, 33.75, 117.43, 211.2811281128113, 99.86, 240.65, 164.02, 146.66, 39.04, 131.22, 96.84, 44.8, 156.96, 212.76, 64.55, 74.61, 51.87, 36.07, 91.77, 117.58, 123.32, 197.44, 105.44, 49.36, 76.6, 78.45, 81.63, 500.0, 1200.0, 1116.0, 0.0, 0.0, 601.0, 0.0, 0.0, 0.0, 600.0, 600.0, 606.0, 0.0, 600.0, 600.0, 600.0, 0.0, 1200.0, 600.0, 546.0, 0.0, 500.0, 600.0, 0.0, 0.0, 600.0, 0.0, 600.0, 0.0, 1200.0, 155.0547361723066, 88.7982110523996, 252.30218048158363, 123.56762417477732, 33.14416207389611, 116.25074399486095, 207.75331357112236, 98.9970167639547, 232.1608651458913, 160.62733840827505, 145.43331376929575, 37.42719875488164, 131.38620903819097, 94.31007450724232, 45.38238915958272, 156.968930104264, 210.31414387417905, 64.77884897842904, 74.23442570495604, 52.87194610033432, 35.48805121271796, 92.17147965500534, 115.11694240802358, 122.20928946026224, 195.6224880315004, 104.67048482714442, 49.03913863286966, 78.8577751152156, 79.18941139980608, 80.7708890685884, -1.4910632539939002, 1.2151943150703346, 5.21975066393, 2.449201093584918, 0.5167604278954556, 2.281479199536846, 3.4216185136467345, -0.7523455901080638, 3.6016051439376326, 2.5918822509912616, 0.513253123840343, 0.7315856248783845, -0.5769471805606088, 1.2255559558902434, -0.2242338084129187, -0.3997063956847171, 1.3650307086167288, 0.2354333265079873, 0.2015748479566639, -0.6917083118398253, 0.5337660045291273, -0.1691491991080482, 0.2310475322419733, -0.2579930036729507, 0.0907351447649489, 0.5052270988681045, 0.5633203353594496, -1.0190660676433083, -0.1484740946180807, 0.8864197372722629, -41.27602645335679, 142.73135180616856, 52.2920039447737, 40.196307079520864, 84.5230520908508, 37.82264142270219, 48.22564855604859, 189.7395354100245, 184.1313369625532, 163.958719237894, 111.71833895671034, 230.2565897804927, -58.45853307199402, 121.46780155135546, -100.28750211398636, -29.00550231109585, 48.331426034273406, -99.9257522469708, 20.0283721952492, -156.05714541627475, 87.73359998730173, -67.0568514653735, 139.5408282748807, 88.27527132914688, 59.88861239483481, 57.01232627498515, 45.88427408272939, -98.95826861344116, -148.44428508824234, 98.19423088322016, -0.6125659977269708, 1.0616522874094447, 2.147241603100423, 2.103773281041659, 1.299695452537665, 1.9900827053346264, 1.82398043165694, -1.0429298027478808, 0.9861814419176558, 1.4490983765559724, 0.2565453442642343, 1.5202481627531546, -0.2207522500808952, 0.8830613643344871, -0.1504862442265264, -0.1187819713377272, 0.6698788561321017, 0.7094950128525209, 0.4096380788069159, -1.2731076288274077, 1.568943991749742, 0.1701696955529307, -0.4043461324669689, -0.6025605070304234, 0.1196727138960156, 0.6411076919419078, 0.9738532596616712, -0.668866564450025, 0.0505883190038749, 0.8372665902165627]
============================================
turbulence_threshold:  171.0940715631054
======Model training from:  20090000 to  20170705
======SAC Training========
======SAC Validation from:  20170705 to  20171003
SAC Sharpe Ratio:  0.31776338536389914
======TD3 Training========
======TD3 Validation from:  20170705 to  20171003
TD3 Sharpe Ratio:  0.3343629292067731
======TRPO Training========
======TRPO Validation from:  20170705 to  20171003
TRPO Sharpe Ratio:  0.352915447729933
======Trading from:  20171003 to  20180103
previous_total_asset:1405216.4805950038
end_total_asset:1528038.1386750767
total_reward:122821.65808007284
total_cost:  10312.156535805765
total trades:  1707
Sharpe:  0.6819811786970139
============Trading Done============
[51.3339708909275, 172.26, 98.94, 296.84, 157.04, 38.86, 127.58, 215.72157215721572, 111.8, 255.67, 188.03, 154.25, 46.85, 139.23, 107.95, 45.54, 173.22, 235.64, 56.22, 85.95, 63.49, 36.44, 90.65, 128.16, 131.98, 221.16, 114.51, 53.53, 74.95, 98.59, 85.03, 406.4065043926239, 802.8757905960083, 1180.1659908294678, 114.93148422241211, 655.4631888866425, 873.1943764686584, 611.0578861236572, 18.207862854003906, 0.0, 324.37218725681305, 411.1771686077118, 0.0, 0.0, 0.0, 594.6739792823792, 0.0, 165.53342151641846, 951.536589384079, 1220.1529512405396, 1276.6278538703918, 61.15659141540527, 240.42960357666016, 663.8713326454163, 251.43942379951477, 299.27804124355316, 0.0, 63.66221022605896, 264.92980194091797, 231.40894037485123, 646.410514831543, 172.041249917018, 98.76622876681157, 293.3151731487143, 153.36427131242863, 38.35039453307291, 123.73368288215164, 214.18083035774723, 108.73973480845976, 255.4749761676076, 186.95469723155605, 153.439590097206, 45.94208833368849, 140.458171385719, 106.74481378227506, 45.798814742136, 172.498278756859, 236.25596846322935, 56.24706553425271, 85.42683302943065, 63.09074204450573, 36.350208735389415, 91.47212149759432, 126.45221987787455, 134.40547520006805, 221.13059558948535, 113.27240961824651, 52.7815333977514, 72.79026429436529, 98.35601063113133, 83.65583947474013, 0.3869772901703072, 0.9110957236216422, 6.806855912703895, 5.092834481563187, 0.6382865661504056, 2.253265481230017, 0.5555571480196875, 1.384341816198969, 3.309007851041173, 4.144541514263267, 0.2476397991792112, 0.679942504382808, 0.0888754769467823, 1.5793601821423238, -0.0623193202856668, 0.8186342340021895, 0.5737871657358369, -0.0056030144341434, 0.7560622168522428, 1.2024263928127823, 0.1431350235426123, 0.5707538139992607, 2.181598826857595, 0.4106299624596943, 1.4909047970147355, 0.856980221329195, 1.190893993820595, 0.753118849616456, 1.2913957185993468, 0.488845449844959, -56.54977328507848, 6.236117134085704, 61.81965798954528, 80.82764545352732, 99.83734878519924, 103.51281107820977, 89.14062500000001, 66.70254974234659, -71.9535138408665, 55.1266725751812, 45.52821466824464, 56.03046213518779, -141.73712347912368, 86.37069784586578, -69.79596151813055, 46.55273172758713, -87.61904761904796, -41.4168219087785, 53.16866936916397, -29.76837959489825, -41.06293084278365, -77.57960090375835, 85.50208857853863, -112.08507344021996, -51.88053097345216, 127.66480939741122, 77.92363390112853, 183.61459420264225, 54.873589724301816, 147.88525052821066, 0.5127817049931029, 1.058048245288429, 2.600863725357744, 3.0930355929849465, 1.924346044143866, 1.4274524876326833, 0.1889230219262064, 1.4833925238063483, 1.545974408837498, 2.390637716947232, 0.2042286665885422, 1.2778335032612682, 0.2846458338889998, 1.6235094611144891, -0.1068955989677332, 0.6343016167577257, 0.5321922084558829, -0.1821321482872029, 0.9879705118214896, 2.490105374005181, 0.5257289389866444, 0.7253650180934271, 1.6743496461665162, 0.4820161373110328, 0.9765579010456662, 0.6581245124017638, 2.519664220658939, 0.8232590326290053, 1.5460319337709392, 0.4147106496076668]
============================================
turbulence_threshold:  96.08032158358267
======Model training from:  20090000 to  20171003
======SAC Training========
======SAC Validation from:  20171003 to  20180103
SAC Sharpe Ratio:  0.5180690792412481
======TD3 Training========
======TD3 Validation from:  20171003 to  20180103
TD3 Sharpe Ratio:  0.43207975785236385
======TRPO Training========
======TRPO Validation from:  20171003 to  20180103
TRPO Sharpe Ratio:  0.6355539494641588
======Trading from:  20180103 to  20180405
previous_total_asset:1528038.1386750767
end_total_asset:1570185.915955334
total_reward:42147.777280257316
total_cost:  2227.301798973735
total trades:  383
Sharpe:  0.26563648606712653
============Trading Done============
[669990.9813105317, 171.61, 93.58, 327.44, 145.18, 41.2, 114.48, 191.0891089108911, 100.95, 252.62, 177.44, 154.12, 49.99, 130.41, 110.99, 44.24, 161.73, 217.56, 54.54, 92.33, 68.42, 36.13, 79.05, 125.77, 138.63, 228.79, 119.81, 47.93, 65.51, 87.22, 74.87, 424.4530122280121, 217.79833459854126, 160.6856689453125, 376.60092651844025, 0.0, 336.08819484710693, 157.86601400375366, 298.5726947784424, 412.94719219207764, 258.0851457118988, 407.9516568183899, 30.653046131134033, 25.16036605834961, 229.46678924560547, 0.0, 115.9714937210083, 451.3201496601105, 0.0, 124.88264083862305, 0.0, 166.18995022773743, 74.54132750630379, 33.353172302246094, 228.4552936553955, 431.24298095703125, 206.2244474887848, 244.01036071777344, 35.076171875, 395.9140167236328, 126.8407850265503, 170.48478556653967, 93.15157246515788, 328.8689981620205, 147.92177291323907, 42.62995637920864, 114.15945105943467, 194.23599111840755, 100.5833166807362, 253.98635658759576, 176.243852968584, 153.3278420844492, 50.43577639043831, 128.66447312812, 110.72895178442924, 43.35490620557948, 158.59089160265583, 221.53384359550984, 54.33281581921542, 91.16402936699316, 66.16147562268888, 35.663591704273415, 78.30887681252128, 125.98588901744743, 138.2134779606888, 221.64256458736037, 119.96321903571364, 47.67743414700157, 65.92974366210093, 87.46179429459585, 74.25984199179833, -1.4400051345925533, -1.124504215040318, -4.8654920870408205, -2.8725409456309023, -0.5032527969405223, -0.5129659463010512, -6.406200428607633, -1.470696602204001, -3.611345322238378, -2.3981511301448397, -1.4264949100291062, 0.4285023455675656, -1.3006132874433831, -1.4313349445977366, -0.2622901930122552, -0.2952213145998144, -5.562540534586901, -0.3917787881182875, -0.6239497796334348, 0.0762476532841702, -0.1806218593663544, -0.8143025939500035, -1.6407058507766976, -0.7737385518021824, -1.593954566298862, -0.7803612782856959, -0.4970403229220892, -1.509186088186766, -1.7951901462610067, -0.8276700968225299, -34.7385587168346, -17.2749269413904, -81.17489447517856, -108.75665014559245, -124.60632239546004, -38.88023268723903, -72.2521269375824, -37.6273335751104, -54.00609082701819, -44.34871097701788, -46.91156181537716, -106.96979574098228, 8.886001847010524, -37.77639283538787, 141.60652424942327, 82.05817498177038, -69.20743008028461, -28.521126760563167, -18.20606311498913, 192.55628950919865, 15.040416317525006, 52.93831266103247, -76.0249513656844, -50.710510455348725, 68.0873253386679, -49.96267928231691, -4.91185570308722, -87.89365294838244, -59.83184919266058, 53.18994465413806, -0.4781715576377321, -1.180835925307197, -1.3770723884677951, -1.550712091378792, -0.147902380276592, -0.5425444214976248, -2.8508171380822214, -1.4523253258057744, -1.0047512437929318, -1.5272351284142456, -0.6996419412774878, 1.5692565404437857, -1.0664932376445335, -0.96118712225785, -0.8985791526458596, -0.5923145649555063, -1.926976677880528, -0.811386418076466, -0.4094266994721035, -0.1627562852889408, -0.4861066050761449, -1.438425759620422, -1.194386187932854, -0.4225361247964011, -1.0026345505177872, -0.3698964227222059, -1.260945527740805, -2.0029868103315387, -2.4330313533716903, -1.532781563167433]
============================================
turbulence_threshold:  96.08032158358267
======Model training from:  20090000 to  20180103
======SAC Training========
======SAC Validation from:  20180103 to  20180405
SAC Sharpe Ratio:  -0.10689166230604369
======TD3 Training========
======TD3 Validation from:  20180103 to  20180405
TD3 Sharpe Ratio:  0.03202595080559612
======TRPO Training========
======TRPO Validation from:  20180103 to  20180405
63
TRPO Sharpe Ratio:  -0.02753493659379072
======Trading from:  20180405 to  20180705
previous_total_asset:1570185.915955334
end_total_asset:1547037.021915038
total_reward:-23148.894040295854
total_cost:  3398.5249625775
total trades:  587
Sharpe:  -0.09671386690069542
============Trading Done============
[1547037.021915038, 183.92, 97.84, 332.93, 133.83, 42.67, 124.73, 195.4695469546955, 104.04, 220.38, 193.62, 139.57, 49.47, 122.71, 103.61, 43.99, 156.48, 195.83, 60.71, 99.05, 76.28, 36.35, 77.9, 124.92, 122.77, 246.98, 131.45, 50.7, 60.76, 84.44, 82.24, 0.0, 0.0, 0.0, 0, 0, 0.0, 0.0, 0.0, 0.0, 0.0, 0.0, 0.0, 0, 0, 0.0, 0, 0.0, 0.0, 0.0, 0.0, 0.0, 0, 0, 0, 0, 0.0, 0.0, 0.0, 0, 0, 185.9436546840439, 98.1259080792613, 339.5886056965742, 139.5980882010028, 43.05369893236262, 125.0338407380285, 198.77726308229265, 104.88988559697282, 224.465036358225, 195.8050987248246, 140.81523828850678, 51.12286833752694, 122.11614878685192, 105.6644554107509, 43.58106366675209, 159.7386410808885, 197.4890103411396, 60.816578270294336, 99.52125337218334, 74.8983063144796, 36.316824449220285, 77.35769742403754, 125.2290659998596, 124.15318950691196, 248.85398397444192, 132.86797528866666, 49.61978196372219, 63.41703580103433, 84.90161146728964, 81.53379199287858, -0.4990726464598936, -0.4712938995710516, -5.645842936648819, -4.956875496675735, -0.3298199960625538, -0.0988883696604858, -1.1483067135785916, 0.514009484632993, -3.868477827800376, 1.130668051070188, -1.5283260308751494, -1.3709356697409518, -0.3766871392753046, -1.6034950894590736, 0.1623179003016375, -1.6864296756013175, -1.959789370018342, 0.1293354519789602, 0.0593031368201906, 1.0874900807039154, 0.0795804077862598, 0.8692662200960939, -0.235472635567703, -2.1951825842844954, 0.744780727592115, 0.191273425695897, 0.5710608611421435, -0.6434015984340178, 0.1821882155951613, 0.3216342637616947, -41.11861912089437, 32.867822800287804, -50.74888251577261, -78.5103677666859, -50.65123010130189, 13.963600502061562, -69.01689275576132, -73.91259623020945, -71.39663953459821, -104.03594391509884, -47.22363870449318, -61.182349418736734, 79.85402443544162, -77.70628459988953, 166.21502362040843, -90.31948124331952, -37.71282877327808, -24.234412866269903, -25.489043082832683, 79.46266453644725, 61.99880311191596, 83.03079924743942, 18.178147881721134, -47.88735695943431, -76.98718110444584, -74.56728062086263, 111.2575902380169, -95.43316725660031, -11.076789681893665, 119.52960376921028, 0.035300139152989, -0.4747565395202414, -1.0554425537552272, -2.64673587867661, -0.6030949397693288, -0.0592263135180955, -0.1998012843360755, 0.7779881341238212, -1.5295744667106503, 1.1460502780688977, -0.8770423298338383, -1.7797472298112054, -0.3917477160057926, -1.2331469904308148, 0.3561714103268359, -0.4489140781021534, -0.8073946970737704, 0.5763345647333052, 0.4063987455101522, 1.2323717890186652, 0.2772679770954965, 1.0513083900985205, -0.0447754460121552, -1.5076314560818065, 0.8222241432749147, 0.558217934208842, 0.7056901357099405, 0.0042246058550058, 0.1441670550077312, 0.3139738890257535]
============================================
turbulence_threshold:  96.08032158358267
======Model training from:  20090000 to  20180405
======SAC Training========
======SAC Validation from:  20180405 to  20180705
SAC Sharpe Ratio:  -0.036155463909108225
======TD3 Training========
======TD3 Validation from:  20180405 to  20180705
TD3 Sharpe Ratio:  0.026910037452873334
======TRPO Training========
======TRPO Validation from:  20180405 to  20180705
TRPO Sharpe Ratio:  -0.1273666509174199
======Trading from:  20180705 to  20181003
previous_total_asset:1547037.021915038
end_total_asset:1580818.3979073945
total_reward:33781.375992356334
total_cost:  5948.592521743174
total trades:  569
Sharpe:  0.16837146440391265
============Trading Done============
[1580818.3979073945, 229.28, 108.39, 386.37, 154.82, 49.01, 124.74, 194.4794479447945, 117.66, 226.07, 204.75, 153.75, 48.1, 140.48, 113.97, 46.51, 165.18, 215.71, 71.75, 115.15, 82.77, 44.22, 84.36, 141.45, 129.51, 270.63, 149.67, 54.42, 73.49, 95.15, 86.46, 0.0, 0.0, 0, 0, 0, 0, 0, 0.0, 0.0, 0, 0.0, 0, 0, 0, 0, 0, 0, 0, 0, 0.0, 0, 0, 0, 0, 0, 0, 0, 0.0, 0, 0, 223.54177346774236, 108.3932330780754, 369.33483319895913, 151.48590378988595, 48.22366809352348, 121.62639476346502, 200.7048205694128, 114.07490789649012, 229.42024272686857, 207.61319694299848, 150.6956980628914, 46.656985341964166, 139.29230449586544, 114.79580361665384, 46.11834537527937, 164.52994222367133, 212.05507260436812, 70.72151919895322, 113.84139930254274, 83.91725641365817, 43.65712576903197, 83.71365668122624, 139.45001989337433, 130.3802640241654, 266.30425611055483, 148.9185207436921, 53.878718350240845, 72.1700768545722, 94.90247711869225, 85.00202321352351, 2.927685646110916, 0.8001119445778784, 7.655768935388494, 3.519709491100457, 0.7826971486371548, 1.183600280849774, -2.942690469853744, 1.3971005357837498, -2.0511894226151526, 1.1662828942989734, 1.711896638039093, -0.2394082520320211, 1.3322745214555312, -0.0650361580409537, 0.1384001174417619, 1.3832838089322197, 1.430021691576087, 0.8751376739689789, 1.57260602432018, 0.8256842546651342, 0.7568796278789591, 0.3385472477261402, 1.9441785612859803, -0.0622501682508698, 1.290041803148256, 1.8685593993869816, 0.0198530135582331, 1.268191654257549, 0.1892831088936475, 1.3909450315634615, 131.70522670455077, -76.03872876498731, 209.8407938072279, 50.1613680498259, 96.77720691265776, 116.65828556103084, -114.75667369225935, 105.68398878147718, -99.18830572593384, -146.36178706782454, 130.82284517127644, 202.3181857201938, 23.288068567718863, -65.86340307330603, 93.58687223354306, 57.62892017260632, 86.91485516748904, 169.44593867670912, 106.8490697443028, -107.58837012908836, 91.37565206832808, 14.350561439833882, 82.35625863576074, -71.08071329479587, 169.89925515178476, 60.528862650874174, 23.669582124310796, 69.87431096127716, -17.723852288118206, 77.22079251285506, 1.2366132543575854, 1.1426456864697998, 1.51713554947693, 2.2860754525238955, 1.6356000822035095, 0.3188685311479701, -0.6047586308171365, 0.5318439152073644, -0.551041782876265, 1.0045110499873255, 0.8920196011759184, -1.079083486436105, 1.219254090475638, 0.1974565063468476, 0.2480631190210528, 0.6380371025625692, 0.7123218669672096, 1.2841144155300732, 1.3357344373894406, 1.250101009666106, 1.774402136169897, 0.5200873380744667, 1.3295063972795025, 0.1973320603278126, 0.3954705041254558, 1.2783935739133712, 0.1740598875386358, 1.639693893348008, 0.4991162581076132, 1.5217539577155017]
============================================
turbulence_threshold:  96.08032158358267
======Model training from:  20090000 to  20180705
======SAC Training========
======SAC Validation from:  20180705 to  20181003
SAC Sharpe Ratio:  0.17790483647493896
======TD3 Training========
======TD3 Validation from:  20180705 to  20181003
TD3 Sharpe Ratio:  0.4142802088279059
======TRPO Training========
======TRPO Validation from:  20180705 to  20181003
TRPO Sharpe Ratio:  0.16271783050332625
======Trading from:  20181003 to  20190104
previous_total_asset:1580818.3979073945
end_total_asset:1591674.6179073951
total_reward:10856.22000000067
total_cost:  1067.3880000000001
total trades:  144
Sharpe:  0.1592977933137504
============Trading Done============
[1591674.6179073951, 142.19, 93.43, 310.9, 121.51, 41.07, 108.57, 157.54575457545755, 106.33, 169.51, 168.61, 112.91, 44.49, 125.72, 97.11, 46.64, 174.9, 183.76, 74.04, 97.4, 72.75, 42.04, 90.64, 103.48, 115.26, 236.85, 128.13, 56.22, 67.33, 92.86, 68.62, 0, 0, 0, 0, 0, 0, 0, 0, 0.0, 0, 0, 0, 0, 0, 0, 0, 0, 0, 0, 0.0, 0, 0, 0, 0, 0, 0, 0, 0, 0, 0, 157.2864204711374, 96.72262011528194, 317.565950320008, 124.36190492672064, 43.13958789385733, 109.33167635173317, 158.88874849435155, 108.06206478379958, 169.1559475574559, 169.37818501554466, 114.47519024514932, 46.26542249809503, 129.89963064104856, 98.08954048389712, 47.50415204338564, 177.0125825505032, 189.815242796267, 75.00395801856868, 101.32563578883014, 72.60707091415408, 42.81957186281783, 91.50477869572252, 109.03102069984708, 118.43330250433569, 247.91214141771005, 131.1611201664256, 55.88059005230368, 70.64729470309149, 91.7963273068942, 70.19541098035238, -9.064049921260846, -3.559250840472245, -5.979161914072392, -0.9564794801625992, -1.1330701750182754, -2.122228767258292, -2.8872350502834934, -1.871832344508121, -7.916491089305481, -1.9766835825651583, -2.5921481033478955, -0.4305411490795521, -4.414995841187789, -2.654851954228832, -0.536083706521822, -1.8784740483668256, -3.463292717700682, -0.2130213134432637, -2.198433212761387, -0.3102770607636529, -0.3710134075949227, -0.2623451974830573, -5.167564310260701, -2.486210475041858, -7.363392708402898, -2.2726421733772213, -0.6330893230868639, -3.622807559908466, -1.156523587754421, -2.708576404197529, -169.03101725863058, -50.25889484019292, -29.29494100796449, -49.08195951619727, -89.75354717234899, 9.231438326474164, 40.16127803465906, -27.665901633520377, 39.34890196437083, 21.31332016877668, -25.14256341059847, -86.14147789173111, -57.27554806468154, 2.9615120684455363, -73.35432872503254, -41.02232831738555, -77.76621586589484, -9.737712458203, -81.81920536173023, 27.96342025176839, -21.82157714786181, -31.952408186808444, -65.23744691067068, -85.87571073240842, -78.40528328085898, -39.73458283703115, 66.50190825037755, -58.06036222133186, 97.78561832776302, -31.436011319750364, -5.358105059435332, -3.069246665330866, -2.174600369072632, -0.9674311850209142, -2.06896389281739, -2.033266611566014, -2.369368852321909, -1.7604749071585266, -5.288112050832186, -1.5877769337448882, -2.286126058676655, -0.730237648293525, -2.8648953561374464, -2.920211561907148, -0.7483302430068597, -0.7720749760774652, -1.5977342415960167, -0.1474692865799573, -1.7655348262003023, -0.9621740362808812, -0.8489412655791213, 0.0204954067341086, -4.113518476673455, -1.9911222232032544, -2.365874514654865, -1.7524020900053756, -1.2039219725994277, -3.8817884211504823, -1.860942725513849, -3.497688388004979]
============================================
turbulence_threshold:  171.0940715631054
======Model training from:  20090000 to  20181003
======SAC Training========
======SAC Validation from:  20181003 to  20190104
SAC Sharpe Ratio:  -0.3878956895530702
======TD3 Training========
======TD3 Validation from:  20181003 to  20190104
TD3 Sharpe Ratio:  -0.3101799607084499
======TRPO Training========
======TRPO Validation from:  20181003 to  20190104
TRPO Sharpe Ratio:  -0.3588880187061759
======Trading from:  20190104 to  20190405
previous_total_asset:1591674.6179073951
end_total_asset:1751731.8623873957
total_reward:160057.24448000058
total_cost:  1668.8438400000007
total trades:  876
Sharpe:  0.4686936321153808
============Trading Done============
[1751731.8623873957, 195.69, 110.12, 395.86, 140.13, 55.14, 124.8, 113.35133513351336, 114.75, 202.23, 200.45, 142.78, 55.92, 135.57, 105.56, 46.48, 189.87, 215.03, 81.85, 119.36, 85.28, 42.74, 103.43, 132.7, 136.52, 247.39, 157.64, 58.99, 54.15, 98.11, 82.05, 0, 0, 0, 0, 0, 0, 0, 0, 0, 0, 0, 0, 0, 0, 0, 0, 0, 0, 0, 0.0, 0.0, 0, 0, 0, 0, 0, 0, 0, 0, 0, 190.30259282809556, 110.29239035602184, 384.6738530632211, 136.22053451119396, 54.0516636336527, 124.03092119841536, 143.4147889991554, 111.91050645551918, 196.1461616710579, 192.40831859378017, 141.25893278426292, 54.23942812254632, 137.7399392787002, 103.49547929336984, 46.301826309779486, 187.4304601865359, 209.8863938923175, 82.47449751438509, 117.88438416163562, 84.74447930424172, 42.45631642155821, 102.85743003223908, 129.15324666469888, 135.75518101361442, 246.56964077272505, 155.6116372516602, 58.88439704319544, 59.89666783171878, 97.8444912378521, 80.98049619674546, 5.135007322075296, 0.7071587305444353, -3.233337029649988, 1.2516711950241586, 1.2713216075020952, 0.9662846741124582, -10.169329859809608, -0.0340059421634322, 0.6993127075306234, 3.371468888644955, 1.6898252425261546, 0.7713960687103025, 0.3244204248879896, 0.0511335016182954, 0.0927748458385693, 2.084687157950384, 2.103531282865646, 0.8147985991288209, 2.2183279953681705, 0.019940901879508, 0.1501153381267741, 1.311323946172564, 1.9675295425125936, 1.7875929770964376, -2.1918585185152324, 2.8605188243542443, 0.6905495643593014, -2.6006030546290404, -0.1414932290723243, 0.8662046012718037, 120.22650266883348, -35.927163561336805, 136.63875807337072, 123.21359598300484, 120.21353601158242, 8.805734390947542, -151.38702007993857, 146.40055702255606, 111.5360010949545, 172.56584291059465, 115.5814311147402, 178.2113821138209, -166.1656351311516, 57.619223745711, 27.17587746608035, 103.03973754261926, 159.76842921052463, -62.6434802895101, 97.45636702305202, 1.744486763529982, 85.87725071297291, 52.22508554940812, 118.44936823310005, 48.12759311195931, -8.407289625796126, 107.94004295741654, -3.325976531496321, -171.85852041504356, -30.054043234587603, 111.07972814505612, 2.7020143445390064, 0.8931106953348764, -1.4607601865974924, 0.2709983755672077, 2.3218424391404606, 0.9709376593922744, -2.7515549388901883, -0.35441556571945, -0.0752852936640784, 1.0794644821986714, 1.1041756934815137, 1.2955969446188222, 0.5062043103588098, -0.3087953650330299, -0.0342865999136925, 1.003421768520944, 0.7103099028892956, 1.170732488971889, 1.9812449192390087, 0.1998710934532669, 0.1067590803227444, 1.312033116211752, 1.1421524317792244, 1.3528334712077552, -1.0162013226047928, 1.8907613964725785, 1.385777783958187, -3.177385383144278, 0.0017921262685359, 1.2069158315384096]
============================================
turbulence_threshold:  96.08032158358267
======Model training from:  20090000 to  20190104
======SAC Training========
======SAC Validation from:  20190104 to  20190405
SAC Sharpe Ratio:  0.040090811646342234
======TD3 Training========
======TD3 Validation from:  20190104 to  20190405
TD3 Sharpe Ratio:  0.16461501878785473
======TRPO Training========
======TRPO Validation from:  20190104 to  20190405
TRPO Sharpe Ratio:  -0.04265745946267413
======Trading from:  20190405 to  20190708
previous_total_asset:1751731.8623873957
end_total_asset:1759491.1363873957
total_reward:7759.273999999976
total_cost:  1625.1349999999993
total trades:  144
Sharpe:  0.26801959428175526
============Trading Done============
[358329.13638739573, 204.23, 125.4, 355.86, 135.49, 56.6, 123.54, 73.74, 142.45, 207.9, 211.46, 141.38, 48.08, 140.57, 113.49, 52.11, 211.24, 172.0, 85.6, 137.06, 86.82, 43.92, 113.15, 132.54, 154.09, 246.99, 176.66, 58.31, 55.19, 111.98, 76.13, 600.0, 600.0, 600.0, 0, 600.0, 0, 0, 0, 600.0, 600.0, 600.0, 600.0, 0, 600.0, 600.0, 0, 600.0, 0, 600.0, 600.0, 600.0, 0, 600.0, 0, 0, 0, 600.0, 0, 600.0, 600.0, 199.5493059579328, 124.1085002914917, 360.3488824115682, 133.86303178220786, 55.956510380748, 123.27130001269668, 74.90013707880144, 140.77387476076015, 201.27437006834188, 207.95384132582163, 138.91350413949897, 47.61709055863889, 140.65615237664943, 111.32420499820807, 51.53229680710907, 207.31933719480875, 172.3248527012745, 84.70978614655061, 135.12926565439665, 84.62985624069718, 43.61445676697043, 111.19085300827648, 130.26487029315996, 151.61325012127054, 245.6572703617221, 173.26851428740613, 57.652361145981374, 53.93515328806363, 110.48742107135683, 76.04629023667823, 3.5510034458702933, 1.672621986025575, 0.4266880741938621, 2.373122133625543, 0.3093636432544926, 1.0215564164669786, -3.628651795720046, 1.952965690952709, 3.2976320562218007, 3.643994448944397, 1.6013369679232028, 0.378734556082037, 0.7766437080896367, 0.7776684112555472, 0.5548507231333204, 2.690263875459607, 0.3228443217218171, 1.2540877897403109, 2.3106213779384746, 0.7262663337740918, 0.5151268942608169, 1.3901322955144195, 0.3699516675146128, 1.6480954377624355, 0.6382158976111327, 2.846873761319813, 0.1140149020819691, 0.6571037571550775, 2.010092025525012, 0.2697580922840785, 140.83332068171438, 75.67794576433869, -91.42681119456408, 32.07841228003961, 21.703288767033506, -30.54958101096961, -110.48628090192916, 106.29285626518728, 112.4447704201752, 98.96566165466888, 118.24099533240498, 43.63639555192849, -11.792051948668709, 109.46552334877298, 77.19643003357012, 164.2372053843192, -33.130971763257364, 103.55349754929443, 63.20126734603835, 121.8834861990068, 82.94701659757231, 130.79953908486033, 104.61790950368557, 116.42822643667122, -0.3339746135796167, 121.86170493534044, 118.27197223255226, 101.3772826574611, 106.89602041035664, -31.206962178623552, 1.4178320651227907, 1.370730855733539, 0.460651767628612, 1.4300211856721594, 0.6347232550307152, 0.8816316803130684, -5.885194348306917, 1.403372410655218, 0.8677541985682419, 1.6412304865761482, 0.8269789310317196, 0.329707788598902, 0.6518899831338079, 0.2247676987701856, 1.1384129870070825, 1.076354626363355, -0.2706972069677002, 1.4792353225539665, 1.7652792317449952, 0.4550043883179074, 1.142823930522324, 1.16901776655228, -0.3591131693938872, 1.042829644588287, 0.4365426496815177, 1.5377443124256027, 0.0556208558009651, 0.6045682943342959, 1.9077027761817615, 0.2249043298762689]
============================================
turbulence_threshold:  96.08032158358267
======Model training from:  20090000 to  20190405
======SAC Training========
======SAC Validation from:  20190405 to  20190708
SAC Sharpe Ratio:  0.32702796679219853
======TD3 Training========
======TD3 Validation from:  20190405 to  20190708
TD3 Sharpe Ratio:  0.39025864306096825
======TRPO Training========
======TRPO Validation from:  20190405 to  20190708
TRPO Sharpe Ratio:  0.2909270125686717
======Trading from:  20190708 to  20191004
previous_total_asset:1759491.1363873957
end_total_asset:1755037.876387396
total_reward:-4453.2599999997765
total_cost:  3015.876000000002
total trades:  332
Sharpe:  -0.05797743955879613
============Trading Done============
[1755037.876387396, 220.82, 112.55, 372.07, 120.04, 47.06, 113.15, 68.12, 128.15, 197.24, 226.81, 142.02, 50.03, 131.19, 112.19, 53.84, 210.03, 155.23, 82.74, 136.28, 92.22, 35.45, 121.74, 131.21, 141.73, 215.36, 172.87, 59.01, 52.6, 116.31, 67.98, 0, 0, 0, 0, 0, 0, 0, 0, 0, 0, 0, 0, 0, 0, 0, 0, 0, 0, 0, 0, 0, 0, 0, 0, 0, 0, 0, 0, 0, 0, 220.03443568741787, 116.81981678245788, 376.49707258214687, 124.8492556259491, 48.4167157501136, 118.50337252794596, 69.6183342557925, 131.51471458983082, 206.3789202789553, 228.39711670076727, 142.5371586004337, 50.60002267489262, 130.38933108362266, 115.91444635532017, 54.15756072028866, 211.08447487819308, 162.0128668019841, 83.33429912529432, 137.53471698279174, 90.44695302789911, 35.83887760797874, 122.64516399171224, 134.40649663715052, 145.84844221541212, 221.58466169066227, 174.19680503927637, 59.70846842323217, 54.00953846002079, 117.1699986331524, 70.16001464143315, 2.8727400298087105, -1.5250217284519607, 4.575556788933284, -0.4518700965715823, -0.5553698773237201, -1.196285927786363, -0.1745663144210709, -2.15057079214094, -1.6264164464392934, 1.7606789764159316, 1.0745455858957484, 0.3530767541673185, 0.0872893062955597, 0.6730270761944439, -0.059649370241857, -1.3424645706828642, -1.6819835693059415, -0.4317497949027711, -0.072816905183771, 1.9632262392892272, -0.3537826233884331, 0.8823112999633906, 0.4924648523775374, -0.8914489952213387, -5.506704447777452, -1.60480389105453, 0.4528844061093195, 0.1869998961006373, 1.0333287083145564, -0.5454410464357977, -68.18433422849424, -265.0399673962603, -167.50159628853882, -179.4893424550655, -206.9321661942091, -165.8592365897453, -167.2848477801687, -122.25038339915491, -187.25143012803045, -113.00744929477229, -108.74731065234268, -153.09510244975613, 51.24342354263598, -251.43235397326765, -182.8249702851942, -74.12865439430884, -212.09334769026324, -84.80476212544863, -140.8908870141622, 53.37860189779711, -143.9240135347558, -50.51813570093945, -213.52839955258577, -260.83578794506474, -90.85198067147547, -152.52959332390682, -183.15462724512827, -234.3789701785485, -111.89707080815748, -183.7403863708408, 1.5007589560471404, -0.9382225940124292, 1.8766002478556056, 0.6034334744614344, -0.7907751890495026, 0.0101384258191426, 0.3708035172552252, -1.197027357632125, 0.2088888472513029, 1.162146297356175, 0.8699232082734006, 1.2793398197696144, -0.0601249028484027, 1.3509162081919055, 0.1038642294449197, -0.5537189686912293, -0.2309604323744165, -0.3973946849055264, 0.2061558936795692, 1.8981750750373336, -0.7245372736906733, 0.9520227262946516, 1.0075559408458532, -0.2627922922036106, -2.004703591309357, -0.6742906438363545, 1.1731341735601764, 0.8691154125959043, 1.1705980702072691, -0.0627950970313488]
============================================
turbulence_threshold:  96.08032158358267
======Model training from:  20090000 to  20190708
======SAC Training========
======SAC Validation from:  20190708 to  20191004
SAC Sharpe Ratio:  -0.10333781289806582
======TD3 Training========
======TD3 Validation from:  20190708 to  20191004
TD3 Sharpe Ratio:  -0.17356590134144245
======TRPO Training========
======TRPO Validation from:  20190708 to  20191004
TRPO Sharpe Ratio:  -0.10822062561136911
======Trading from:  20191004 to  20200106
previous_total_asset:1755037.876387396
end_total_asset:1754283.699387396
total_reward:-754.1769999999087
total_cost:  476.489
total trades:  60
Sharpe:  -0.1461360250441062
============Trading Done============
[1754283.699387396, 297.43, 124.6, 332.76, 148.44, 47.63, 121.01, 62.16, 146.5, 231.58, 218.93, 134.34, 60.1, 144.28, 138.34, 54.69, 200.08, 178.45, 91.25, 158.62, 101.92, 38.93, 122.58, 153.35, 137.02, 289.54, 189.6, 60.4, 59.08, 117.89, 70.33, 0, 0, 0, 0, 0, 0, 0, 0, 0, 0, 0, 0, 0, 0, 0, 0, 0, 0, 0, 0, 0, 0, 0, 0, 0, 0, 0, 0, 0, 0, 287.6567072627865, 124.33328940466258, 333.4760835662796, 147.5107799253603, 47.3329730212915, 119.96836246777798, 63.5864957385598, 146.1719943553474, 229.6218923585118, 218.79024043342625, 134.50656378270003, 59.28949972359836, 144.496731871004, 138.1077861067425, 54.79152508039643, 197.7127737125868, 175.5094224399463, 90.76180703400745, 157.14950264449232, 100.37841125535785, 39.00127533766409, 124.35363994073504, 150.29330851205418, 136.51339837168123, 291.34145008921803, 187.69591742462825, 61.08356436452544, 58.72753007808437, 119.22876595116524, 69.95158450620792, 8.914017301131423, 1.352210966354377, -6.825717930188091, 1.670790568763806, 0.6309217273390857, 0.7319424934724594, -0.7427359392274013, 0.4224295734650809, 3.2345289916557363, -0.8604372505520246, -0.0418485736916807, 0.890581736393969, 2.3621163012602158, 2.2528179881020094, 0.3805666533223544, 0.8785535168339607, 2.569812860806053, 1.2978545614844137, 2.6516925344188, 2.04023129536003, 0.328222405793106, 0.36000762920483, 1.505338321544656, 0.4311474411101983, 5.851197311695216, 2.2306163797033207, 0.1957302232647038, 0.0368135250810226, -0.133954565613763, 0.2772783511193069, 132.78727223059215, -34.88867615724364, 15.595040987257573, 89.07624345864507, 39.18879733617466, 123.8098396426888, -190.7051115343668, 42.30530724391564, 81.48636385346667, -5.267354347927621, -50.34267561051185, 81.71635904716831, -23.311297612895533, -6.73769586519319, -33.43163175377887, 194.02678878929223, 66.01040960460095, 44.16169995453542, 83.18451052177339, 90.05396306747927, -49.62731842606738, -248.6983718962132, 216.59243819557716, 98.58262308388277, -132.82015998958468, 103.78205056411608, -194.63269096112543, 59.219854277521634, -170.14111671249472, 157.6901367258901, 2.78146165523348, 1.1350047945184405, -2.1003577349307214, 1.0864685683823954, 0.9505091211108893, 0.4020910268724033, -1.146572451821594, 0.5182765185103518, 1.3960888324645089, -0.6922096755828838, -0.0825624865040301, 1.2195810034829244, 1.84910341830054, 1.7651319856614782, 0.6873498624568027, 0.2071303545893378, 1.1403285869073256, 1.520059307090272, 1.6863914668475146, 2.051241341771528, 0.9827627008452936, 0.5737751694804045, 0.8065378397486048, 0.2282286595502903, 2.509313486417211, 1.0911910489160797, 0.4938537143336546, -0.1270962311601189, 0.0635229231602401, 0.2947729772449197]
============================================
turbulence_threshold:  96.08032158358267
======Model training from:  20090000 to  20191004
======SAC Training========
======SAC Validation from:  20191004 to  20200106
SAC Sharpe Ratio:  -0.3298408389453148
======TD3 Training========
======TD3 Validation from:  20191004 to  20200106
TD3 Sharpe Ratio:  -0.36959986662152355
======TRPO Training========
======TRPO Validation from:  20191004 to  20200106
TRPO Sharpe Ratio:  -0.3973180205545045
======Trading from:  20200106 to  20200406
previous_total_asset:1754283.699387396
end_total_asset:1732925.1123873962
total_reward:-21358.586999999825
total_cost:  1048.4340000000002
total trades:  140
Sharpe:  -0.3819146758627308
============Trading Done============
[1732925.1123873962, 241.41, 73.6, 124.52, 114.67, 39.06, 75.11, 31.87, 93.88, 146.93, 178.7, 106.34, 54.13, 134.17, 84.05, 43.83, 160.33, 133.79, 76.25, 153.83, 78.86, 33.64, 115.08, 49.93, 93.89, 229.49, 151.85, 54.7, 40.72, 119.48, 39.21, 0, 0, 0, 0, 0, 0, 0, 0, 0, 0, 0, 0, 0, 0, 0, 0, 0, 0, 0, 0, 0, 0, 0, 0, 0, 0, 0, 0, 0, 0, 249.32625925539097, 83.7150772573268, 145.18574694850494, 109.72753844291935, 38.70312833472633, 72.22868953804155, 33.65263970231698, 97.59078122051788, 155.0851096623742, 184.55423074490557, 108.65549166725334, 52.84304831889064, 129.47431815058826, 90.08823243742756, 44.07459125072917, 162.95659534239743, 135.40239745077298, 74.4780658026226, 152.4236715243535, 79.21502548992227, 32.03186122103874, 111.00721186891369, 88.50263855944657, 97.75755127959152, 239.4244891313428, 158.99208995942598, 53.61479998616262, 44.08073493289724, 115.05718962653953, 38.34702964170297, -11.502961978047296, -8.703070430766516, -33.37679468786209, -1.9517935403078752, -0.6414420024396748, -5.6222521105008525, -3.292222086012522, -6.393807350826862, -13.87850567557507, -9.657514972538053, -5.781073725912734, -0.911948508149102, -2.5044275169571506, -7.770384524666312, -2.8667697675100143, -8.735250020560272, -4.39626353910532, -1.2875229542425473, -2.2825923504005345, -2.2904451933956693, -0.5716672187932943, -1.7841945134522348, -13.247178635497391, -6.65915774956467, -8.776155996395545, -7.611969046925452, -0.6345816997397336, -1.9486574133908263, 0.2366188333432433, -3.2819150632062986, -34.1726671119866, -73.69641969820692, -15.043988504990716, 97.86028126827638, 64.19419398236919, 94.19847398182723, -33.3328736220977, -5.6616127333066615, -29.34084336043356, 14.07973146807186, 28.51798295120591, 65.76787353104928, 80.38185320576798, -55.196861946352655, 42.88446485193829, 28.43697687607923, 39.56567455633946, 100.11396011395956, 63.40398357817904, 32.219118661912766, 132.06349206349202, 73.40737840926695, -251.7486325709505, 23.83906861896473, 6.463589405831301, -19.919932597442266, 100.10702637661882, -142.6922510467296, 84.35123420652621, 115.51483942715352, -4.876107841376932, -9.507339139360312, -19.783987453185013, -4.341642847066068, -3.088669513293263, -9.844755887416554, -10.138927732405833, -7.265523614115044, -9.056105965927305, -5.8397763907837295, -6.346777597480074, -3.3682756430696315, -3.152618342339271, -8.64803835940341, -7.04246203554521, -6.14825618356169, -3.975713491120215, -2.9560192225604927, -2.6929451305977428, -4.618513481878209, -3.308846092335473, -2.6994171901958115, -11.409491741976318, -7.506767187442191, -4.300175849993038, -5.119661201214226, -2.044770220716045, -3.407477489974797, -0.3273459690036155, -10.613356319575631]
============================================
turbulence_threshold:  96.08032158358267
======Model training from:  20090000 to  20200106
======SAC Training========
======SAC Validation from:  20200106 to  20200406
SAC Sharpe Ratio:  -0.4407164093544172
======TD3 Training========
======TD3 Validation from:  20200106 to  20200406
TD3 Sharpe Ratio:  -0.42552847531969834
======TRPO Training========
======TRPO Validation from:  20200106 to  20200406
TRPO Sharpe Ratio:  -0.4255732879016472
======Trading from:  20200406 to  20200707
previous_total_asset:1732925.1123873962
end_total_asset:1739976.203387397
total_reward:7051.091000000946
total_cost:  735.689
total trades:  105
Sharpe:  0.23580552724007167
============Trading Done============
[1739976.203387397, 373.85, 96.58, 187.91, 129.43, 46.42, 88.57, 54.61, 114.43, 207.36, 249.55, 120.19, 59.54, 142.98, 95.0, 45.23, 188.5, 158.1, 79.58, 210.7, 99.95, 34.51, 121.63, 63.32, 114.57, 302.81, 197.76, 55.24, 43.16, 118.89, 44.39, 0, 0, 0, 0, 0, 0, 0, 0, 0, 0, 0, 0, 0, 0, 0, 0, 0, 0, 0, 0, 0, 0, 0, 0, 0, 0, 0, 0, 0, 0, 359.5685409934525, 97.06922233680903, 183.5870890660399, 126.33435560253416, 45.942655958023416, 89.52695870936726, 52.93220151492512, 113.77631798638244, 200.69857814991792, 247.74227432335664, 120.47846470521442, 59.4526961249153, 141.6055946991401, 95.70603091858789, 45.24679628086072, 185.8062222719348, 156.49123900054315, 77.67734276430785, 200.7731029591434, 98.4106827469675, 33.59551143754733, 118.83159586939712, 62.98379051136085, 113.82695626613987, 295.5519770046553, 194.10754601564463, 55.12315153276794, 42.259453084808925, 119.65560700550186, 45.17781144487924, 12.230067802371591, -0.6345341577656143, 4.874777525705412, 1.571863130630902, 0.2682890615120783, -1.2548435363914052, 0.9541971335911584, -0.8714755709854671, 0.8537226492965999, 2.090576978322474, -1.2254644728029405, -0.5148422034022389, -1.4057131039860735, -1.263561094873168, -0.4943242834103429, -0.6539686382684238, 0.5229186391621852, -0.206288165319421, 5.76394123661504, 0.6804070677102061, -0.6281821722777892, 0.9961843107986256, -0.953102849582116, 1.2181978396960034, 1.053133868150553, 1.4070093785051083, -0.4279464533259869, -0.1284222510831583, -0.8722538488321874, -0.7025776748477668, 150.47120019739464, -30.5906366504287, 8.515365381241931, 99.58541898217337, 63.95294218122723, -38.32364391166188, 198.62331887933615, -3.346661911298256, 60.470057438534845, 42.75220822904614, -8.989457471671265, -11.544410438674635, 42.28240946747355, -49.38069160304518, -29.43410206538886, 28.88730615622078, 55.71326282590784, 188.94097665982, 181.128030457824, 54.651026696803534, 151.2130373866237, 159.67635789948042, -14.01884047175668, 13.554319824588037, 185.92587334498825, 154.69551228846393, -4.051874395052248, 102.66831855986108, -63.31910135309969, -56.00150845814044, 3.613070203625011, 0.4568183048841173, 3.997291653508969, 1.463876348236138, 0.6959630393029833, -0.8820188502591069, 2.1242468641230485, -0.2938309106597531, 0.9155368631332108, 1.125591171159584, -0.769617892818031, -0.7006067637136534, -1.0453755743329591, -0.4693575043462578, -0.8235939286655035, -0.1209482762823381, 0.5826360341196782, -0.6598765178845531, 2.549065662064349, 1.0580165827539123, -2.5830576019928126, 0.5585997705528739, -1.0289179969634972, 1.8264145672322327, 0.1585573382572533, 0.8304026106863319, -0.6286710710083887, -0.259846938548876, -0.7808158171521409, -0.6651184310880459]
Ensemble Strategy took:  3.8995001872380572  minutes

['TD3', 'SAC', 'SAC', 'SAC', 'SAC', 'SAC', 'SAC', 'TRPO', 'TRPO', 'TD3', 'TD3', 'TD3', 'TD3', 'TD3', 'TD3', 'SAC', 'SAC', 'TD3']
